[ 1, 0, 0, 0, 1, 0, 0, 0, 13 ]
[ 1, 0, 0, 0, 1, 1, 0, 0, 13 ]
[ 1, 0, 0, 0, 13, 0, 0, 1, 1 ]
[ 1, 0, 0, 0, 13, 0, 0, -6, 1 ]
[ 1, 0, 0, 0, 1, 2, 0, 0, 13 ]
[ -1, 0, 0, 0, -6, 1, 0, 1, 2 ]
[ 1, 0, 0, 0, 13, 0, 0, -4, 1 ]
[ 1, 0, 0, 0, 1, 3, 0, 0, 13 ]
[ -1, 0, 0, 0, -4, 1, 0, 1, 3 ]
[ 1, 0, 0, 0, 13, 0, 0, -3, 1 ]
[ 1, 0, 0, 0, 1, 4, 0, 0, 13 ]
[ -1, 0, 0, 0, -3, 1, 0, 1, 4 ]
[ 1, 0, 0, 0, 13, 0, 0, -5, 1 ]
[ -1, 0, 0, 0, -5, 1, 0, -2, 3 ]
[ -1, 0, 0, 0, -1, 8, 0, 0, 13 ]
[ -1, 0, 0, 0, -2, 3, 0, -1, 8 ]
[ 1, 0, 0, 0, 13, 0, 0, -2, 1 ]
[ -1, 0, 0, 0, -1, 7, 0, 0, 13 ]
[ -1, 0, 0, 0, -2, 1, 0, -1, 7 ]
[ 1, 0, 0, 0, 13, 0, 0, 2, 1 ]
[ 1, 0, 0, 0, 1, 7, 0, 0, 13 ]
[ 1, 0, 0, 0, 2, 1, 0, 1, 7 ]
[ 1, 0, 0, 0, 13, 0, 0, 5, 1 ]
[ 1, 0, 0, 0, 5, 1, 0, 2, 3 ]
[ 1, 0, 0, 0, 1, 8, 0, 0, 13 ]
[ 1, 0, 0, 0, 2, 3, 0, 1, 8 ]
[ 1, 0, 0, 0, 13, 0, 0, 3, 1 ]
[ -1, 0, 0, 0, -1, 4, 0, 0, 13 ]
[ 1, 0, 0, 0, 3, 1, 0, -1, 4 ]
[ 1, 0, 0, 0, 13, 0, 0, 4, 1 ]
[ -1, 0, 0, 0, -1, 3, 0, 0, 13 ]
[ 1, 0, 0, 0, 4, 1, 0, -1, 3 ]
[ 1, 0, 0, 0, 13, 0, 0, 6, 1 ]
[ -1, 0, 0, 0, -1, 2, 0, 0, 13 ]
[ 1, 0, 0, 0, 6, 1, 0, -1, 2 ]
[ -1, 0, 0, 0, -1, 1, 0, 0, 13 ]
[ 1, 0, 0, 0, 13, 0, 0, -1, 1 ]
[ 1, 0, 1, 0, 1, 0, 0, 0, 13 ]
[ 13, 0, 0, 0, 1, 0, 1, 0, 1 ]
[ 1, -1, 0, 0, 1, 1, 0, 0, 13 ]
[ 1, -1, 0, 0, 13, 0, 0, 1, 1 ]
[ 1, 0, 1, -1, 1, 0, 0, 0, 13 ]
[ 13, 0, 0, -1, 1, 0, 1, 0, 1 ]
[ 1, 0, 1, -2, 1, 0, 0, 0, 13 ]
[ 13, 0, 0, -2, 1, 0, 1, 0, 1 ]
[ 1, -7, 0, 0, 13, 0, 0, -6, 1 ]
[ 2, -1, 0, -1, 1, 1, 0, 0, 13 ]
[ 2, -1, 0, -1, 7, 0, -1, 1, 1 ]
[ 1, -7, 0, 0, 1, 2, 0, 0, 13 ]
[ -1, 7, 0, 0, -6, 1, 0, 1, 2 ]
[ 0, 1, 2, -1, 7, 0, 0, 0, 13 ]
[ 1, -1, -1, 0, 1, 2, 0, 0, 13 ]
[ 1, -1, -1, -1, 7, 0, 0, 1, 2 ]
[ 1, 0, 1, -3, 1, 0, 0, 0, 13 ]
[ 13, 0, 0, -3, 1, 0, 1, 0, 1 ]
[ 1, 4, 0, 0, 13, 0, 0, -4, 1 ]
[ 3, -1, 0, 1, 0, 1, 0, 0, 13 ]
[ 3, -1, 0, 1, 4, 0, 1, 0, 1 ]
[ 1, 4, 0, 0, 1, 3, 0, 0, 13 ]
[ -1, -4, 0, 0, -4, 1, 0, 1, 3 ]
[ 0, -1, -3, 1, 4, 0, 0, 0, 13 ]
[ 1, 0, 1, 0, 1, 3, 0, 0, 13 ]
[ 1, 0, 1, 1, 4, 0, 0, 1, 3 ]
[ 1, 0, 1, -4, 1, 0, 0, 0, 13 ]
[ 13, 0, 0, -4, 1, 0, 1, 0, 1 ]
[ 1, 3, 0, 0, 13, 0, 0, -3, 1 ]
[ 4, -1, 0, 1, 0, 1, 0, 0, 13 ]
[ 4, -1, 0, 1, 3, 0, 1, 0, 1 ]
[ 1, 3, 0, 0, 1, 4, 0, 0, 13 ]
[ -1, -3, 0, 0, -3, 1, 0, 1, 4 ]
[ 0, -1, -4, 1, 3, 0, 0, 0, 13 ]
[ 1, 0, 1, 0, 1, 4, 0, 0, 13 ]
[ 1, 0, 1, 1, 3, 0, 0, 1, 4 ]
[ 1, 0, 1, -5, 1, 0, 0, 0, 13 ]
[ 13, 0, 0, -5, 1, 0, 1, 0, 1 ]
[ 5, -1, 0, 1, 0, 1, 0, 0, 13 ]
[ 5, -1, 0, -2, 3, 0, 1, 0, 1 ]
[ 1, -8, 0, 0, 13, 0, 0, -5, 1 ]
[ 2, -3, 0, -1, 8, 0, -1, 3, 1 ]
[ 1, -1, -4, -2, 3, 0, 0, 0, 13 ]
[ 1, 0, 1, -1, 1, 4, 0, 0, 13 ]
[ 1, 0, 1, -2, 3, 0, -1, 1, 4 ]
[ -1, 8, 0, 0, -5, 1, 0, -2, 3 ]
[ 1, -3, -1, -1, 8, 0, 0, -2, 3 ]
[ 1, -2, 4, -1, 3, 1, 0, 0, 13 ]
[ -2, 3, 0, 1, -2, 4, 0, 0, 13 ]
[ 2, -3, 0, -1, 3, 1, 1, -2, 4 ]
[ -1, 8, 0, 0, -1, 8, 0, 0, 13 ]
[ -1, 8, 0, 0, -2, 3, 0, -1, 8 ]
[ 0, 1, -8, -1, 8, 0, 0, 0, 13 ]
[ 0, 2, -3, -1, 8, 0, 0, -1, 8 ]
[ -1, 3, 1, 0, -1, 8, 0, 0, 13 ]
[ -1, 3, 1, 0, -2, 3, 0, -1, 8 ]
[ 1, 0, 1, -6, 1, 0, 0, 0, 13 ]
[ 13, 0, 0, -6, 1, 0, 1, 0, 1 ]
[ 1, 2, 0, 0, 13, 0, 0, -2, 1 ]
[ 6, -1, 0, 1, 0, 1, 0, 0, 13 ]
[ 6, -1, 0, 1, 2, 0, 1, 0, 1 ]
[ -1, -2, 0, 0, -1, 7, 0, 0, 13 ]
[ -1, -2, 0, 0, -2, 1, 0, -1, 7 ]
[ 1, 1, 7, 1, 2, 0, 0, 0, 13 ]
[ 1, 0, 1, 1, 1, 7, 0, 0, 13 ]
[ 1, 0, 1, 1, 2, 0, 1, 1, 7 ]
[ 1, 0, 1, 6, 1, 0, 0, 0, 13 ]
[ 13, 0, 0, 6, 1, 0, 1, 0, 1 ]
[ 1, -2, 0, 0, 13, 0, 0, 2, 1 ]
[ -6, -1, 0, 1, 0, 1, 0, 0, 13 ]
[ 6, 1, 0, -1, 2, 0, 1, 0, 1 ]
[ 1, -2, 0, 0, 1, 7, 0, 0, 13 ]
[ 1, -2, 0, 0, 2, 1, 0, 1, 7 ]
[ 0, 1, 7, -1, 2, 0, 0, 0, 13 ]
[ 1, 0, 1, 0, 1, 7, 0, 0, 13 ]
[ 1, 0, 1, -1, 2, 0, 0, 1, 7 ]
[ 1, 0, 1, 5, 1, 0, 0, 0, 13 ]
[ 13, 0, 0, 5, 1, 0, 1, 0, 1 ]
[ -5, -1, 0, 1, 0, 1, 0, 0, 13 ]
[ 5, 1, 0, 2, 3, 0, 1, 0, 1 ]
[ 1, 8, 0, 0, 13, 0, 0, 5, 1 ]
[ 2, 3, 0, 1, 8, 0, -1, -3, 1 ]
[ 1, 1, -4, 2, 3, 0, 0, 0, 13 ]
[ -1, 0, -1, -1, -1, 4, 0, 0, 13 ]
[ 1, 0, 1, 2, 3, 0, -1, -1, 4 ]
[ 1, 8, 0, 0, 5, 1, 0, 2, 3 ]
[ 1, 3, -1, 1, 8, 0, 0, 2, 3 ]
[ -1, -2, -4, -1, -3, 1, 0, 0, 13 ]
[ 2, 3, 0, 1, 2, 4, 0, 0, 13 ]
[ -2, -3, 0, -1, -3, 1, 1, 2, 4 ]
[ 1, 8, 0, 0, 1, 8, 0, 0, 13 ]
[ 1, 8, 0, 0, 2, 3, 0, 1, 8 ]
[ 0, -1, -8, 1, 8, 0, 0, 0, 13 ]
[ 0, -2, -3, 1, 8, 0, 0, 1, 8 ]
[ 1, 3, -1, 0, 1, 8, 0, 0, 13 ]
[ 1, 3, -1, 0, 2, 3, 0, 1, 8 ]
[ 1, 0, 1, 4, 1, 0, 0, 0, 13 ]
[ 13, 0, 0, 4, 1, 0, 1, 0, 1 ]
[ 1, -3, 0, 0, 13, 0, 0, 3, 1 ]
[ -4, -1, 0, 1, 0, 1, 0, 0, 13 ]
[ 4, 1, 0, -1, 3, 0, 1, 0, 1 ]
[ -1, 3, 0, 0, -1, 4, 0, 0, 13 ]
[ 1, -3, 0, 0, 3, 1, 0, -1, 4 ]
[ 0, 1, -4, -1, 3, 0, 0, 0, 13 ]
[ -1, 0, -1, 0, -1, 4, 0, 0, 13 ]
[ 1, 0, 1, -1, 3, 0, 0, -1, 4 ]
[ 1, 0, 1, 3, 1, 0, 0, 0, 13 ]
[ 13, 0, 0, 3, 1, 0, 1, 0, 1 ]
[ 1, -4, 0, 0, 13, 0, 0, 4, 1 ]
[ -3, -1, 0, 1, 0, 1, 0, 0, 13 ]
[ 3, 1, 0, -1, 4, 0, 1, 0, 1 ]
[ -1, 4, 0, 0, -1, 3, 0, 0, 13 ]
[ 1, -4, 0, 0, 4, 1, 0, -1, 3 ]
[ 0, 1, -3, -1, 4, 0, 0, 0, 13 ]
[ -1, 0, -1, 0, -1, 3, 0, 0, 13 ]
[ 1, 0, 1, -1, 4, 0, 0, -1, 3 ]
[ 1, 0, 1, 2, 1, 0, 0, 0, 13 ]
[ 13, 0, 0, 2, 1, 0, 1, 0, 1 ]
[ 1, 7, 0, 0, 13, 0, 0, 6, 1 ]
[ -2, -1, 0, -1, -1, 1, 0, 0, 13 ]
[ 2, 1, 0, 1, 7, 0, -1, -1, 1 ]
[ -1, -7, 0, 0, -1, 2, 0, 0, 13 ]
[ 1, 7, 0, 0, 6, 1, 0, -1, 2 ]
[ 0, -1, 2, 1, 7, 0, 0, 0, 13 ]
[ -1, -1, 1, 0, -1, 2, 0, 0, 13 ]
[ 1, 1, -1, 1, 7, 0, 0, -1, 2 ]
[ -1, -1, 0, 0, -1, 1, 0, 0, 13 ]
[ 1, 1, 0, 0, 13, 0, 0, -1, 1 ]
[ 1, 0, 1, 1, 1, 0, 0, 0, 13 ]
[ 13, 0, 0, 1, 1, 0, 1, 0, 1 ]
[ 13, 0, 0, 0, 1, 0, -6, 0, 1 ]
[ 1, 0, 2, 0, 1, 0, 0, 0, 13 ]
[ 6, 0, -1, 0, 1, 0, 1, 0, 2 ]
[ 13, 0, 0, 6, 1, 0, -6, 0, 1 ]
[ 1, -2, 0, 0, 1, 1, 0, 0, 13 ]
[ 1, -2, 0, 0, 13, 0, 0, 1, 1 ]
[ 0, 1, 1, -1, 2, 0, 0, 0, 13 ]
[ 6, 1, 0, -1, 2, 0, 0, 1, 1 ]
[ 1, 0, 2, 6, 1, 0, 0, 0, 13 ]
[ 6, 0, -1, 6, 1, 0, 1, 0, 2 ]
[ 1, 0, 2, 0, 1, 1, 0, 0, 13 ]
[ -6, -1, 0, 1, 0, 2, 0, 0, 13 ]
[ 6, 1, 0, 0, 1, 1, 1, 0, 2 ]
[ 1, -1, 0, 0, 13, 0, 0, -6, 1 ]
[ 13, 0, 0, -1, 1, 0, -6, 0, 1 ]
[ 1, -1, 0, 0, 1, 2, 0, 0, 13 ]
[ -1, 1, 0, 0, -6, 1, 0, 1, 2 ]
[ 1, 0, 2, -1, 1, 0, 0, 0, 13 ]
[ 6, 0, -1, -1, 1, 0, 1, 0, 2 ]
[ 13, 0, 0, 5, 1, 0, -6, 0, 1 ]
[ 5, 1, 0, 2, 3, 0, -1, 1, 1 ]
[ 1, 0, 2, 5, 1, 0, 0, 0, 13 ]
[ 6, 0, -1, 5, 1, 0, 1, 0, 2 ]
[ 1, 8, 0, 0, 13, 0, 0, -4, 1 ]
[ 2, 3, 0, 1, 8, 0, 1, 4, 1 ]
[ 1, -1, -1, 0, 1, 3, 0, 0, 13 ]
[ 1, -1, -1, 2, 3, 0, 0, 1, 3 ]
[ 1, 0, 2, -1, 1, 1, 0, 0, 13 ]
[ -5, -1, 0, 1, 0, 2, 0, 0, 13 ]
[ 5, 1, 0, -1, 1, 1, 1, 0, 2 ]
[ 1, 8, 0, 0, 1, 3, 0, 0, 13 ]
[ -1, -8, 0, 0, -4, 1, 0, 1, 3 ]
[ 0, -1, -3, 1, 8, 0, 0, 0, 13 ]
[ 1, 4, 1, 0, 1, 3, 0, 0, 13 ]
[ 1, 4, 1, 1, 8, 0, 0, 1, 3 ]
[ 0, -1, -3, 1, 4, 1, 0, 0, 13 ]
[ 2, 3, 0, 1, 4, 1, 0, 1, 3 ]
[ -1, -2, -8, 2, 3, 0, 0, 0, 13 ]
[ 0, -1, -3, 1, 2, 8, 0, 0, 13 ]
[ 0, -1, -3, 2, 3, 0, 1, 2, 8 ]
[ 1, 2, 8, 0, 1, 3, 0, 0, 13 ]
[ 2, 3, 0, 1, 2, 8, 0, 0, 13 ]
[ 2, 3, 0, 0, 1, 3, 1, 2, 8 ]
[ 13, 0, 0, -2, 1, 0, -6, 0, 1 ]
[ 1, -7, 0, 0, 13, 0, 0, -3, 1 ]
[ 2, -1, 0, -1, 7, 0, 0, -3, 1 ]
[ 1, 0, 2, -2, 1, 0, 0, 0, 13 ]
[ 6, 0, -1, -2, 1, 0, 1, 0, 2 ]
[ 1, -7, 0, 0, 1, 4, 0, 0, 13 ]
[ -1, 7, 0, 0, -3, 1, 0, 1, 4 ]
[ 0, 1, 4, -1, 7, 0, 0, 0, 13 ]
[ 0, 3, -1, -1, 7, 0, 0, 1, 4 ]
[ 2, -1, 0, -1, 1, 2, 0, 0, 13 ]
[ -2, 1, 0, 0, -3, 1, -1, 1, 2 ]
[ 1, -1, -2, 0, 1, 4, 0, 0, 13 ]
[ -1, 1, 2, 0, -3, 1, 0, 1, 4 ]
[ 13, 0, 0, 4, 1, 0, -6, 0, 1 ]
[ 1, -3, 0, 0, 13, 0, 0, -5, 1 ]
[ 4, 1, 0, -1, 3, 0, -2, 1, 1 ]
[ 1, 0, 2, 4, 1, 0, 0, 0, 13 ]
[ 6, 0, -1, 4, 1, 0, 1, 0, 2 ]
[ -1, 3, 0, 0, -5, 1, 0, -2, 3 ]
[ 2, -1, -1, -1, 1, 3, 0, 0, 13 ]
[ 2, -1, -1, -1, 3, 0, -1, 1, 3 ]
[ 1, 0, 2, -2, 1, 1, 0, 0, 13 ]
[ -4, -1, 0, 1, 0, 2, 0, 0, 13 ]
[ 4, 1, 0, -2, 1, 1, 1, 0, 2 ]
[ -1, 3, 0, 0, -1, 8, 0, 0, 13 ]
[ -1, 3, 0, 0, -2, 3, 0, -1, 8 ]
[ 1, -2, -8, -1, 3, 0, 0, 0, 13 ]
[ 1, -1, -3, -1, 2, 8, 0, 0, 13 ]
[ 1, -1, -3, -1, 3, 0, -1, 2, 8 ]
[ 13, 0, 0, -3, 1, 0, -6, 0, 1 ]
[ 1, 4, 0, 0, 13, 0, 0, -2, 1 ]
[ 3, -1, 0, 1, 4, 0, 0, -2, 1 ]
[ 1, 0, 2, -3, 1, 0, 0, 0, 13 ]
[ 6, 0, -1, -3, 1, 0, 1, 0, 2 ]
[ -1, -4, 0, 0, -1, 7, 0, 0, 13 ]
[ -1, -4, 0, 0, -2, 1, 0, -1, 7 ]
[ 0, -1, 7, 1, 4, 0, 0, 0, 13 ]
[ 0, -2, 1, 1, 4, 0, 0, -1, 7 ]
[ 3, -1, 0, 1, 0, 2, 0, 0, 13 ]
[ -3, 1, 0, 0, -2, 1, 1, 0, 2 ]
[ -1, 0, -2, 0, -1, 7, 0, 0, 13 ]
[ -1, 0, -2, 0, -2, 1, 0, -1, 7 ]
[ 13, 0, 0, 3, 1, 0, -6, 0, 1 ]
[ 1, -4, 0, 0, 13, 0, 0, 2, 1 ]
[ 3, 1, 0, -1, 4, 0, 0, 2, 1 ]
[ 1, 0, 2, 3, 1, 0, 0, 0, 13 ]
[ 6, 0, -1, 3, 1, 0, 1, 0, 2 ]
[ 1, -4, 0, 0, 1, 7, 0, 0, 13 ]
[ 1, -4, 0, 0, 2, 1, 0, 1, 7 ]
[ 0, 1, 7, -1, 4, 0, 0, 0, 13 ]
[ 0, 2, 1, -1, 4, 0, 0, 1, 7 ]
[ -3, -1, 0, 1, 0, 2, 0, 0, 13 ]
[ 3, 1, 0, 0, 2, 1, 1, 0, 2 ]
[ 1, 0, 2, 0, 1, 7, 0, 0, 13 ]
[ 1, 0, 2, 0, 2, 1, 0, 1, 7 ]
[ 13, 0, 0, -4, 1, 0, -6, 0, 1 ]
[ 1, 3, 0, 0, 13, 0, 0, 5, 1 ]
[ 4, -1, 0, 1, 3, 0, -2, -1, 1 ]
[ 1, 0, 2, -4, 1, 0, 0, 0, 13 ]
[ 6, 0, -1, -4, 1, 0, 1, 0, 2 ]
[ 1, 3, 0, 0, 5, 1, 0, 2, 3 ]
[ -2, -1, 1, -1, -1, 3, 0, 0, 13 ]
[ 2, 1, -1, 1, 3, 0, -1, -1, 3 ]
[ -1, 0, -2, -2, -1, 1, 0, 0, 13 ]
[ 4, -1, 0, 1, 0, 2, 0, 0, 13 ]
[ -4, 1, 0, -2, -1, 1, 1, 0, 2 ]
[ 1, 3, 0, 0, 1, 8, 0, 0, 13 ]
[ 1, 3, 0, 0, 2, 3, 0, 1, 8 ]
[ 0, -1, -8, 1, 3, 0, 0, 0, 13 ]
[ 1, 1, -3, 0, 1, 8, 0, 0, 13 ]
[ 1, 1, -3, 1, 3, 0, 0, 1, 8 ]
[ 13, 0, 0, 2, 1, 0, -6, 0, 1 ]
[ 1, 7, 0, 0, 13, 0, 0, 3, 1 ]
[ 2, 1, 0, 1, 7, 0, 0, 3, 1 ]
[ 1, 0, 2, 2, 1, 0, 0, 0, 13 ]
[ 6, 0, -1, 2, 1, 0, 1, 0, 2 ]
[ -1, -7, 0, 0, -1, 4, 0, 0, 13 ]
[ 1, 7, 0, 0, 3, 1, 0, -1, 4 ]
[ 0, -1, 4, 1, 7, 0, 0, 0, 13 ]
[ 0, -3, -1, 1, 7, 0, 0, -1, 4 ]
[ -2, -1, 0, 1, 0, 2, 0, 0, 13 ]
[ 2, 1, 0, 0, 3, 1, 1, 0, 2 ]
[ -1, 0, -2, 0, -1, 4, 0, 0, 13 ]
[ 1, 0, 2, 0, 3, 1, 0, -1, 4 ]
[ 13, 0, 0, -5, 1, 0, -6, 0, 1 ]
[ 5, -1, 0, -2, 3, 0, -1, -1, 1 ]
[ 1, 0, 2, -5, 1, 0, 0, 0, 13 ]
[ 6, 0, -1, -5, 1, 0, 1, 0, 2 ]
[ 1, -8, 0, 0, 13, 0, 0, 4, 1 ]
[ 2, -3, 0, -1, 8, 0, 1, -4, 1 ]
[ -1, -1, 1, 0, -1, 3, 0, 0, 13 ]
[ 1, 1, -1, -2, 3, 0, 0, -1, 3 ]
[ -1, 0, -2, -1, -1, 1, 0, 0, 13 ]
[ 5, -1, 0, 1, 0, 2, 0, 0, 13 ]
[ -5, 1, 0, -1, -1, 1, 1, 0, 2 ]
[ -1, 8, 0, 0, -1, 3, 0, 0, 13 ]
[ 1, -8, 0, 0, 4, 1, 0, -1, 3 ]
[ 0, 1, -3, -1, 8, 0, 0, 0, 13 ]
[ -1, 4, -1, 0, -1, 3, 0, 0, 13 ]
[ 1, -4, 1, -1, 8, 0, 0, -1, 3 ]
[ 0, -1, 3, 1, -4, 1, 0, 0, 13 ]
[ -2, 3, 0, 1, -4, 1, 0, -1, 3 ]
[ 1, -1, -8, -2, 3, 0, 0, 0, 13 ]
[ 0, 1, -3, -1, 1, 8, 0, 0, 13 ]
[ 0, 1, -3, -2, 3, 0, -1, 1, 8 ]
[ -1, 1, 8, 0, -1, 3, 0, 0, 13 ]
[ -2, 3, 0, -1, 1, 8, 0, 0, 13 ]
[ -2, 3, 0, 0, -1, 3, -1, 1, 8 ]
[ 1, 1, 0, 0, 13, 0, 0, 6, 1 ]
[ 13, 0, 0, 1, 1, 0, -6, 0, 1 ]
[ -1, -1, 0, 0, -1, 2, 0, 0, 13 ]
[ 1, 1, 0, 0, 6, 1, 0, -1, 2 ]
[ 1, 0, 2, 1, 1, 0, 0, 0, 13 ]
[ 6, 0, -1, 1, 1, 0, 1, 0, 2 ]
[ 13, 0, 0, -6, 1, 0, -6, 0, 1 ]
[ -1, -2, 0, 0, -1, 1, 0, 0, 13 ]
[ 1, 2, 0, 0, 13, 0, 0, -1, 1 ]
[ 0, -1, 1, 1, 2, 0, 0, 0, 13 ]
[ 6, -1, 0, 1, 2, 0, 0, -1, 1 ]
[ 1, 0, 2, -6, 1, 0, 0, 0, 13 ]
[ 6, 0, -1, -6, 1, 0, 1, 0, 2 ]
[ -1, 0, -2, 0, -1, 1, 0, 0, 13 ]
[ 6, -1, 0, 1, 0, 2, 0, 0, 13 ]
[ -6, 1, 0, 0, -1, 1, 1, 0, 2 ]
[ 13, 0, 0, 0, 1, 0, -4, 0, 1 ]
[ 1, 0, 3, 0, 1, 0, 0, 0, 13 ]
[ 4, 0, -1, 0, 1, 0, 1, 0, 3 ]
[ 13, 0, 0, 4, 1, 0, -4, 0, 1 ]
[ 1, -3, 0, 0, 1, 1, 0, 0, 13 ]
[ 1, -3, 0, 0, 13, 0, 0, 1, 1 ]
[ 0, 1, 1, -1, 3, 0, 0, 0, 13 ]
[ 4, 1, 0, -1, 3, 0, 0, 1, 1 ]
[ 1, 0, 3, 4, 1, 0, 0, 0, 13 ]
[ 4, 0, -1, 4, 1, 0, 1, 0, 3 ]
[ 1, 0, 3, 0, 1, 1, 0, 0, 13 ]
[ -4, -1, 0, 1, 0, 3, 0, 0, 13 ]
[ 4, 1, 0, 0, 1, 1, 1, 0, 3 ]
[ 13, 0, 0, -5, 1, 0, -4, 0, 1 ]
[ 1, -1, 1, -2, 3, 0, 0, 0, 13 ]
[ 5, -1, 0, -2, 3, 0, 1, -1, 1 ]
[ 1, 0, 3, -5, 1, 0, 0, 0, 13 ]
[ 4, 0, -1, -5, 1, 0, 1, 0, 3 ]
[ 1, -8, 0, 0, 13, 0, 0, -6, 1 ]
[ 2, -3, 0, -1, 2, 1, 0, 0, 13 ]
[ 2, -3, 0, -1, 8, 0, -1, 2, 1 ]
[ -1, 0, -3, 1, -1, 1, 0, 0, 13 ]
[ 5, -1, 0, 1, 0, 3, 0, 0, 13 ]
[ -5, 1, 0, 1, -1, 1, 1, 0, 3 ]
[ 1, -8, 0, 0, 1, 2, 0, 0, 13 ]
[ -1, 8, 0, 0, -6, 1, 0, 1, 2 ]
[ 0, 1, 2, -1, 8, 0, 0, 0, 13 ]
[ 1, -2, -1, 0, 1, 2, 0, 0, 13 ]
[ 1, -2, -1, -1, 8, 0, 0, 1, 2 ]
[ 1, -1, 0, 0, 13, 0, 0, -4, 1 ]
[ 13, 0, 0, -1, 1, 0, -4, 0, 1 ]
[ 1, -1, 0, 0, 1, 3, 0, 0, 13 ]
[ -1, 1, 0, 0, -4, 1, 0, 1, 3 ]
[ 1, 0, 3, -1, 1, 0, 0, 0, 13 ]
[ 4, 0, -1, -1, 1, 0, 1, 0, 3 ]
[ 13, 0, 0, 3, 1, 0, -4, 0, 1 ]
[ 1, -4, 0, 0, 13, 0, 0, -3, 1 ]
[ 3, 1, 0, -1, 4, 0, -1, 1, 1 ]
[ 1, 0, 3, 3, 1, 0, 0, 0, 13 ]
[ 4, 0, -1, 3, 1, 0, 1, 0, 3 ]
[ 1, -4, 0, 0, 1, 4, 0, 0, 13 ]
[ -1, 4, 0, 0, -3, 1, 0, 1, 4 ]
[ 0, 1, 4, -1, 4, 0, 0, 0, 13 ]
[ 1, -1, -1, 0, 1, 4, 0, 0, 13 ]
[ 1, -1, -1, -1, 4, 0, 0, 1, 4 ]
[ 1, 0, 3, -1, 1, 1, 0, 0, 13 ]
[ -3, -1, 0, 1, 0, 3, 0, 0, 13 ]
[ 3, 1, 0, -1, 1, 1, 1, 0, 3 ]
[ 13, 0, 0, -6, 1, 0, -4, 0, 1 ]
[ 1, 2, 0, 0, 13, 0, 0, -5, 1 ]
[ 6, -1, 0, 1, 2, 0, 2, -1, 1 ]
[ 1, 0, 3, -6, 1, 0, 0, 0, 13 ]
[ 4, 0, -1, -6, 1, 0, 1, 0, 3 ]
[ -1, -2, 0, 0, -5, 1, 0, -2, 3 ]
[ 2, -1, 1, 1, 0, 3, 0, 0, 13 ]
[ 2, -1, 1, 1, 2, 0, 1, 0, 3 ]
[ -1, 0, -3, 2, -1, 1, 0, 0, 13 ]
[ 6, -1, 0, 1, 0, 3, 0, 0, 13 ]
[ -6, 1, 0, 2, -1, 1, 1, 0, 3 ]
[ -1, -2, 0, 0, -1, 8, 0, 0, 13 ]
[ -1, -2, 0, 0, -2, 3, 0, -1, 8 ]
[ 1, 1, 8, 1, 2, 0, 0, 0, 13 ]
[ 1, 0, 3, 1, 1, 8, 0, 0, 13 ]
[ 1, 0, 3, 1, 2, 0, 1, 1, 8 ]
[ 13, 0, 0, -2, 1, 0, -4, 0, 1 ]
[ 1, -7, 0, 0, 13, 0, 0, -2, 1 ]
[ 2, -1, 0, -1, 7, 0, 0, -2, 1 ]
[ 1, 0, 3, -2, 1, 0, 0, 0, 13 ]
[ 4, 0, -1, -2, 1, 0, 1, 0, 3 ]
[ -1, 7, 0, 0, -1, 7, 0, 0, 13 ]
[ -1, 7, 0, 0, -2, 1, 0, -1, 7 ]
[ 0, 1, -7, -1, 7, 0, 0, 0, 13 ]
[ 0, 2, -1, -1, 7, 0, 0, -1, 7 ]
[ 2, -1, 0, -1, 1, 3, 0, 0, 13 ]
[ -2, 1, 0, 0, -2, 1, -1, 1, 3 ]
[ -1, 1, 3, 0, -1, 7, 0, 0, 13 ]
[ -1, 1, 3, 0, -2, 1, 0, -1, 7 ]
[ 13, 0, 0, 2, 1, 0, -4, 0, 1 ]
[ 1, 7, 0, 0, 13, 0, 0, 2, 1 ]
[ 2, 1, 0, 1, 7, 0, 0, 2, 1 ]
[ 1, 0, 3, 2, 1, 0, 0, 0, 13 ]
[ 4, 0, -1, 2, 1, 0, 1, 0, 3 ]
[ 1, 7, 0, 0, 1, 7, 0, 0, 13 ]
[ 1, 7, 0, 0, 2, 1, 0, 1, 7 ]
[ 0, -1, -7, 1, 7, 0, 0, 0, 13 ]
[ 0, -2, -1, 1, 7, 0, 0, 1, 7 ]
[ -2, -1, 0, 1, 0, 3, 0, 0, 13 ]
[ 2, 1, 0, 0, 2, 1, 1, 0, 3 ]
[ 1, 0, 3, 0, 1, 7, 0, 0, 13 ]
[ 1, 0, 3, 0, 2, 1, 0, 1, 7 ]
[ 13, 0, 0, 6, 1, 0, -4, 0, 1 ]
[ 1, -2, 0, 0, 13, 0, 0, 5, 1 ]
[ 6, 1, 0, -1, 2, 0, 2, 1, 1 ]
[ 1, 0, 3, 6, 1, 0, 0, 0, 13 ]
[ 4, 0, -1, 6, 1, 0, 1, 0, 3 ]
[ 1, -2, 0, 0, 5, 1, 0, 2, 3 ]
[ -2, -1, -1, 1, 0, 3, 0, 0, 13 ]
[ 2, 1, 1, -1, 2, 0, 1, 0, 3 ]
[ 1, 0, 3, 2, 1, 1, 0, 0, 13 ]
[ -6, -1, 0, 1, 0, 3, 0, 0, 13 ]
[ 6, 1, 0, 2, 1, 1, 1, 0, 3 ]
[ 1, -2, 0, 0, 1, 8, 0, 0, 13 ]
[ 1, -2, 0, 0, 2, 3, 0, 1, 8 ]
[ 0, 1, 8, -1, 2, 0, 0, 0, 13 ]
[ 1, 0, 3, 0, 1, 8, 0, 0, 13 ]
[ 1, 0, 3, -1, 2, 0, 0, 1, 8 ]
[ 13, 0, 0, -3, 1, 0, -4, 0, 1 ]
[ 1, 4, 0, 0, 13, 0, 0, 3, 1 ]
[ 3, -1, 0, 1, 4, 0, -1, -1, 1 ]
[ 1, 0, 3, -3, 1, 0, 0, 0, 13 ]
[ 4, 0, -1, -3, 1, 0, 1, 0, 3 ]
[ -1, -4, 0, 0, -1, 4, 0, 0, 13 ]
[ 1, 4, 0, 0, 3, 1, 0, -1, 4 ]
[ 0, -1, 4, 1, 4, 0, 0, 0, 13 ]
[ -1, -1, 1, 0, -1, 4, 0, 0, 13 ]
[ 1, 1, -1, 1, 4, 0, 0, -1, 4 ]
[ -1, 0, -3, -1, -1, 1, 0, 0, 13 ]
[ 3, -1, 0, 1, 0, 3, 0, 0, 13 ]
[ -3, 1, 0, -1, -1, 1, 1, 0, 3 ]
[ 1, 1, 0, 0, 13, 0, 0, 4, 1 ]
[ 13, 0, 0, 1, 1, 0, -4, 0, 1 ]
[ -1, -1, 0, 0, -1, 3, 0, 0, 13 ]
[ 1, 1, 0, 0, 4, 1, 0, -1, 3 ]
[ 1, 0, 3, 1, 1, 0, 0, 0, 13 ]
[ 4, 0, -1, 1, 1, 0, 1, 0, 3 ]
[ 13, 0, 0, 5, 1, 0, -4, 0, 1 ]
[ 1, 1, 1, 2, 3, 0, 0, 0, 13 ]
[ 5, 1, 0, 2, 3, 0, 1, 1, 1 ]
[ 1, 0, 3, 5, 1, 0, 0, 0, 13 ]
[ 4, 0, -1, 5, 1, 0, 1, 0, 3 ]
[ 1, 8, 0, 0, 13, 0, 0, 6, 1 ]
[ -2, -3, 0, -1, -2, 1, 0, 0, 13 ]
[ 2, 3, 0, 1, 8, 0, -1, -2, 1 ]
[ 1, 0, 3, 1, 1, 1, 0, 0, 13 ]
[ -5, -1, 0, 1, 0, 3, 0, 0, 13 ]
[ 5, 1, 0, 1, 1, 1, 1, 0, 3 ]
[ -1, -8, 0, 0, -1, 2, 0, 0, 13 ]
[ 1, 8, 0, 0, 6, 1, 0, -1, 2 ]
[ 0, -1, 2, 1, 8, 0, 0, 0, 13 ]
[ -1, -2, 1, 0, -1, 2, 0, 0, 13 ]
[ 1, 2, -1, 1, 8, 0, 0, -1, 2 ]
[ 13, 0, 0, -4, 1, 0, -4, 0, 1 ]
[ -1, -3, 0, 0, -1, 1, 0, 0, 13 ]
[ 1, 3, 0, 0, 13, 0, 0, -1, 1 ]
[ 0, -1, 1, 1, 3, 0, 0, 0, 13 ]
[ 4, -1, 0, 1, 3, 0, 0, -1, 1 ]
[ 1, 0, 3, -4, 1, 0, 0, 0, 13 ]
[ 4, 0, -1, -4, 1, 0, 1, 0, 3 ]
[ -1, 0, -3, 0, -1, 1, 0, 0, 13 ]
[ 4, -1, 0, 1, 0, 3, 0, 0, 13 ]
[ -4, 1, 0, 0, -1, 1, 1, 0, 3 ]
[ 13, 0, 0, 0, 1, 0, -3, 0, 1 ]
[ 1, 0, 4, 0, 1, 0, 0, 0, 13 ]
[ 3, 0, -1, 0, 1, 0, 1, 0, 4 ]
[ 13, 0, 0, 3, 1, 0, -3, 0, 1 ]
[ 1, -4, 0, 0, 1, 1, 0, 0, 13 ]
[ 1, -4, 0, 0, 13, 0, 0, 1, 1 ]
[ 0, 1, 1, -1, 4, 0, 0, 0, 13 ]
[ 3, 1, 0, -1, 4, 0, 0, 1, 1 ]
[ 1, 0, 4, 3, 1, 0, 0, 0, 13 ]
[ 3, 0, -1, 3, 1, 0, 1, 0, 4 ]
[ 1, 0, 4, 0, 1, 1, 0, 0, 13 ]
[ -3, -1, 0, 1, 0, 4, 0, 0, 13 ]
[ 3, 1, 0, 0, 1, 1, 1, 0, 4 ]
[ 13, 0, 0, 6, 1, 0, -3, 0, 1 ]
[ 1, -2, 0, 0, 13, 0, 0, -6, 1 ]
[ 6, 1, 0, -1, 2, 0, -3, 0, 1 ]
[ 1, 0, 4, 6, 1, 0, 0, 0, 13 ]
[ 3, 0, -1, 6, 1, 0, 1, 0, 4 ]
[ 1, -2, 0, 0, 1, 2, 0, 0, 13 ]
[ -1, 2, 0, 0, -6, 1, 0, 1, 2 ]
[ 0, 1, 2, -1, 2, 0, 0, 0, 13 ]
[ 3, 0, -1, -1, 2, 0, 0, 1, 2 ]
[ -6, -1, 0, 1, 0, 4, 0, 0, 13 ]
[ 6, 1, 0, -3, 0, 1, 1, 0, 4 ]
[ 1, 0, 4, 0, 1, 2, 0, 0, 13 ]
[ 3, 0, -1, 0, 1, 2, 1, 0, 4 ]
[ 13, 0, 0, -4, 1, 0, -3, 0, 1 ]
[ 1, 3, 0, 0, 13, 0, 0, -4, 1 ]
[ 4, -1, 0, 1, 3, 0, 1, -1, 1 ]
[ 1, 0, 4, -4, 1, 0, 0, 0, 13 ]
[ 3, 0, -1, -4, 1, 0, 1, 0, 4 ]
[ 1, 3, 0, 0, 1, 3, 0, 0, 13 ]
[ -1, -3, 0, 0, -4, 1, 0, 1, 3 ]
[ 0, -1, -3, 1, 3, 0, 0, 0, 13 ]
[ 1, -1, 1, 0, 1, 3, 0, 0, 13 ]
[ 1, -1, 1, 1, 3, 0, 0, 1, 3 ]
[ -1, 0, -4, 1, -1, 1, 0, 0, 13 ]
[ 4, -1, 0, 1, 0, 4, 0, 0, 13 ]
[ -4, 1, 0, 1, -1, 1, 1, 0, 4 ]
[ 1, -1, 0, 0, 13, 0, 0, -3, 1 ]
[ 13, 0, 0, -1, 1, 0, -3, 0, 1 ]
[ 1, -1, 0, 0, 1, 4, 0, 0, 13 ]
[ -1, 1, 0, 0, -3, 1, 0, 1, 4 ]
[ 1, 0, 4, -1, 1, 0, 0, 0, 13 ]
[ 3, 0, -1, -1, 1, 0, 1, 0, 4 ]
[ 13, 0, 0, 2, 1, 0, -3, 0, 1 ]
[ 1, 7, 0, 0, 13, 0, 0, -5, 1 ]
[ 2, 1, 0, 1, 7, 0, 1, 2, 1 ]
[ 1, 0, 4, 2, 1, 0, 0, 0, 13 ]
[ 3, 0, -1, 2, 1, 0, 1, 0, 4 ]
[ -1, -7, 0, 0, -5, 1, 0, -2, 3 ]
[ 1, 2, 1, 1, 7, 0, 0, -2, 3 ]
[ 1, 1, -4, 1, 2, 1, 0, 0, 13 ]
[ -2, -1, 0, -1, -1, 4, 0, 0, 13 ]
[ 2, 1, 0, 1, 2, 1, -1, -1, 4 ]
[ -1, -7, 0, 0, -1, 8, 0, 0, 13 ]
[ -1, -7, 0, 0, -2, 3, 0, -1, 8 ]
[ 0, -1, 8, 1, 7, 0, 0, 0, 13 ]
[ 0, -2, 3, 1, 7, 0, 0, -1, 8 ]
[ -1, -2, -1, 0, -1, 8, 0, 0, 13 ]
[ -1, -2, -1, 0, -2, 3, 0, -1, 8 ]
[ 13, 0, 0, 5, 1, 0, -3, 0, 1 ]
[ 5, 1, 0, 2, 3, 0, 2, 1, 1 ]
[ 1, 0, 4, 5, 1, 0, 0, 0, 13 ]
[ 3, 0, -1, 5, 1, 0, 1, 0, 4 ]
[ 1, 8, 0, 0, 13, 0, 0, -2, 1 ]
[ 2, 3, 0, 1, 8, 0, 0, -2, 1 ]
[ 1, 1, -3, 2, 3, 0, 0, 0, 13 ]
[ -2, -1, -1, -1, -1, 3, 0, 0, 13 ]
[ 2, 1, 1, 2, 3, 0, -1, -1, 3 ]
[ 1, 0, 4, 2, 1, 1, 0, 0, 13 ]
[ -5, -1, 0, 1, 0, 4, 0, 0, 13 ]
[ 5, 1, 0, 2, 1, 1, 1, 0, 4 ]
[ -1, -8, 0, 0, -1, 7, 0, 0, 13 ]
[ -1, -8, 0, 0, -2, 1, 0, -1, 7 ]
[ 0, -1, 7, 1, 8, 0, 0, 0, 13 ]
[ 0, -2, 1, 1, 8, 0, 0, -1, 7 ]
[ 2, 3, 0, 1, 2, 3, 0, 0, 13 ]
[ -2, -3, 0, 0, -2, 1, 1, 2, 3 ]
[ -1, -2, -3, 0, -1, 7, 0, 0, 13 ]
[ -1, -2, -3, 0, -2, 1, 0, -1, 7 ]
[ 13, 0, 0, -5, 1, 0, -3, 0, 1 ]
[ 5, -1, 0, -2, 3, 0, 2, -1, 1 ]
[ 1, 0, 4, -5, 1, 0, 0, 0, 13 ]
[ 3, 0, -1, -5, 1, 0, 1, 0, 4 ]
[ 1, -8, 0, 0, 13, 0, 0, 2, 1 ]
[ 2, -3, 0, -1, 8, 0, 0, 2, 1 ]
[ 1, -1, -3, -2, 3, 0, 0, 0, 13 ]
[ 2, -1, 1, -1, 1, 3, 0, 0, 13 ]
[ 2, -1, 1, -2, 3, 0, -1, 1, 3 ]
[ -1, 0, -4, 2, -1, 1, 0, 0, 13 ]
[ 5, -1, 0, 1, 0, 4, 0, 0, 13 ]
[ -5, 1, 0, 2, -1, 1, 1, 0, 4 ]
[ 1, -8, 0, 0, 1, 7, 0, 0, 13 ]
[ 1, -8, 0, 0, 2, 1, 0, 1, 7 ]
[ 0, 1, 7, -1, 8, 0, 0, 0, 13 ]
[ 0, 2, 1, -1, 8, 0, 0, 1, 7 ]
[ -2, 3, 0, -1, 1, 3, 0, 0, 13 ]
[ 2, -3, 0, 0, 2, 1, -1, 1, 3 ]
[ 1, -1, -3, 0, 1, 7, 0, 0, 13 ]
[ 1, -1, -3, 0, 2, 1, 0, 1, 7 ]
[ 13, 0, 0, -2, 1, 0, -3, 0, 1 ]
[ 1, -7, 0, 0, 13, 0, 0, 5, 1 ]
[ 2, -1, 0, -1, 7, 0, 1, -2, 1 ]
[ 1, 0, 4, -2, 1, 0, 0, 0, 13 ]
[ 3, 0, -1, -2, 1, 0, 1, 0, 4 ]
[ 1, -7, 0, 0, 5, 1, 0, 2, 3 ]
[ 1, -2, 1, -1, 7, 0, 0, 2, 3 ]
[ -1, 1, 4, 1, -2, 1, 0, 0, 13 ]
[ 2, -1, 0, -1, 1, 4, 0, 0, 13 ]
[ -2, 1, 0, 1, -2, 1, -1, 1, 4 ]
[ 1, -7, 0, 0, 1, 8, 0, 0, 13 ]
[ 1, -7, 0, 0, 2, 3, 0, 1, 8 ]
[ 0, 1, 8, -1, 7, 0, 0, 0, 13 ]
[ 0, 2, 3, -1, 7, 0, 0, 1, 8 ]
[ 1, -2, 1, 0, 1, 8, 0, 0, 13 ]
[ 1, -2, 1, 0, 2, 3, 0, 1, 8 ]
[ 1, 1, 0, 0, 13, 0, 0, 3, 1 ]
[ 13, 0, 0, 1, 1, 0, -3, 0, 1 ]
[ -1, -1, 0, 0, -1, 4, 0, 0, 13 ]
[ 1, 1, 0, 0, 3, 1, 0, -1, 4 ]
[ 1, 0, 4, 1, 1, 0, 0, 0, 13 ]
[ 3, 0, -1, 1, 1, 0, 1, 0, 4 ]
[ 13, 0, 0, 4, 1, 0, -3, 0, 1 ]
[ 1, -3, 0, 0, 13, 0, 0, 4, 1 ]
[ 4, 1, 0, -1, 3, 0, 1, 1, 1 ]
[ 1, 0, 4, 4, 1, 0, 0, 0, 13 ]
[ 3, 0, -1, 4, 1, 0, 1, 0, 4 ]
[ -1, 3, 0, 0, -1, 3, 0, 0, 13 ]
[ 1, -3, 0, 0, 4, 1, 0, -1, 3 ]
[ 0, 1, -3, -1, 3, 0, 0, 0, 13 ]
[ -1, -1, -1, 0, -1, 3, 0, 0, 13 ]
[ 1, 1, 1, -1, 3, 0, 0, -1, 3 ]
[ 1, 0, 4, 1, 1, 1, 0, 0, 13 ]
[ -4, -1, 0, 1, 0, 4, 0, 0, 13 ]
[ 4, 1, 0, 1, 1, 1, 1, 0, 4 ]
[ 13, 0, 0, -6, 1, 0, -3, 0, 1 ]
[ 1, 2, 0, 0, 13, 0, 0, 6, 1 ]
[ 6, -1, 0, 1, 2, 0, -3, 0, 1 ]
[ 1, 0, 4, -6, 1, 0, 0, 0, 13 ]
[ 3, 0, -1, -6, 1, 0, 1, 0, 4 ]
[ -1, -2, 0, 0, -1, 2, 0, 0, 13 ]
[ 1, 2, 0, 0, 6, 1, 0, -1, 2 ]
[ 1, 1, 2, 1, 2, 0, 0, 0, 13 ]
[ 3, 0, -1, 1, 2, 0, 1, 1, 2 ]
[ 6, -1, 0, 1, 0, 4, 0, 0, 13 ]
[ -6, 1, 0, -3, 0, 1, 1, 0, 4 ]
[ 1, 0, 4, 1, 1, 2, 0, 0, 13 ]
[ 3, 0, -1, 1, 1, 2, 1, 0, 4 ]
[ 13, 0, 0, -3, 1, 0, -3, 0, 1 ]
[ -1, -4, 0, 0, -1, 1, 0, 0, 13 ]
[ 1, 4, 0, 0, 13, 0, 0, -1, 1 ]
[ 0, -1, 1, 1, 4, 0, 0, 0, 13 ]
[ 3, -1, 0, 1, 4, 0, 0, -1, 1 ]
[ 1, 0, 4, -3, 1, 0, 0, 0, 13 ]
[ 3, 0, -1, -3, 1, 0, 1, 0, 4 ]
[ -1, 0, -4, 0, -1, 1, 0, 0, 13 ]
[ 3, -1, 0, 1, 0, 4, 0, 0, 13 ]
[ -3, 1, 0, 0, -1, 1, 1, 0, 4 ]
[ 13, 0, 0, 0, 1, 0, -5, 0, 1 ]
[ 5, 0, -1, 0, 1, 0, -2, 0, 3 ]
[ 1, 0, -8, 0, 1, 0, 0, 0, 13 ]
[ 2, 0, -3, 0, 1, 0, -1, 0, 8 ]
[ 13, 0, 0, 5, 1, 0, -5, 0, 1 ]
[ 5, 1, 0, 2, 3, 0, 0, 1, 1 ]
[ 5, 0, -1, 5, 1, 0, -2, 0, 3 ]
[ 1, 8, 0, 0, 1, 1, 0, 0, 13 ]
[ 1, 8, 0, 0, 13, 0, 0, 1, 1 ]
[ 0, -1, -1, 1, 8, 0, 0, 0, 13 ]
[ 2, 3, 0, 1, 8, 0, 0, 1, 1 ]
[ -1, -2, -7, 2, 3, 0, 0, 0, 13 ]
[ 0, -1, -1, 1, 2, 7, 0, 0, 13 ]
[ 0, -1, -1, 2, 3, 0, 1, 2, 7 ]
[ 5, 1, 0, 0, 1, 1, -2, 0, 3 ]
[ 1, 0, -8, 5, 1, 0, 0, 0, 13 ]
[ 2, 0, -3, 5, 1, 0, -1, 0, 8 ]
[ 1, 2, 7, 0, 1, 1, 0, 0, 13 ]
[ 2, 3, 0, 1, 2, 7, 0, 0, 13 ]
[ 2, 3, 0, 0, 1, 1, 1, 2, 7 ]
[ 1, 0, -8, 0, 1, 1, 0, 0, 13 ]
[ 2, 0, -3, 0, 1, 1, -1, 0, 8 ]
[ 5, 1, 0, -1, 0, 8, 0, 0, 13 ]
[ 5, 1, 0, -2, 0, 3, -1, 0, 8 ]
[ 13, 0, 0, -3, 1, 0, -5, 0, 1 ]
[ 1, 4, 0, 0, 13, 0, 0, -6, 1 ]
[ 3, -1, 0, 1, 4, 0, 1, -2, 1 ]
[ 5, 0, -1, -3, 1, 0, -2, 0, 3 ]
[ 1, 4, 0, 0, 1, 2, 0, 0, 13 ]
[ -1, -4, 0, 0, -6, 1, 0, 1, 2 ]
[ 0, -1, -2, 1, 4, 0, 0, 0, 13 ]
[ 1, -2, 1, 0, 1, 2, 0, 0, 13 ]
[ 1, -2, 1, 1, 4, 0, 0, 1, 2 ]
[ -1, 1, -3, 1, -2, 1, 0, 0, 13 ]
[ -3, 1, 0, 1, -2, 1, 1, -1, 3 ]
[ 1, 0, -8, -3, 1, 0, 0, 0, 13 ]
[ 2, 0, -3, -3, 1, 0, -1, 0, 8 ]
[ -1, 0, 8, 1, -1, 3, 0, 0, 13 ]
[ -3, 1, 0, -1, 0, 8, 0, 0, 13 ]
[ -3, 1, 0, 1, -1, 3, -1, 0, 8 ]
[ 13, 0, 0, 2, 1, 0, -5, 0, 1 ]
[ 1, 7, 0, 0, 13, 0, 0, -4, 1 ]
[ 2, 1, 0, 1, 7, 0, 1, 3, 1 ]
[ 5, 0, -1, 2, 1, 0, -2, 0, 3 ]
[ 1, 7, 0, 0, 1, 3, 0, 0, 13 ]
[ -1, -7, 0, 0, -4, 1, 0, 1, 3 ]
[ 0, -1, -3, 1, 7, 0, 0, 0, 13 ]
[ 1, 3, 1, 0, 1, 3, 0, 0, 13 ]
[ 1, 3, 1, 1, 7, 0, 0, 1, 3 ]
[ 0, -1, -3, 1, 3, 1, 0, 0, 13 ]
[ 2, 1, 0, 1, 3, 1, 0, 1, 3 ]
[ 1, 0, -8, 2, 1, 0, 0, 0, 13 ]
[ 2, 0, -3, 2, 1, 0, -1, 0, 8 ]
[ 1, 1, 8, 0, 1, 3, 0, 0, 13 ]
[ 2, 1, 0, 1, 1, 8, 0, 0, 13 ]
[ 2, 1, 0, 0, 1, 3, 1, 1, 8 ]
[ 13, 0, 0, -6, 1, 0, -5, 0, 1 ]
[ 1, 2, 0, 0, 13, 0, 0, -3, 1 ]
[ 6, -1, 0, 1, 2, 0, 1, -1, 1 ]
[ 5, 0, -1, -6, 1, 0, -2, 0, 3 ]
[ 1, 2, 0, 0, 1, 4, 0, 0, 13 ]
[ -1, -2, 0, 0, -3, 1, 0, 1, 4 ]
[ 0, -1, -4, 1, 2, 0, 0, 0, 13 ]
[ 1, -1, 1, 0, 1, 4, 0, 0, 13 ]
[ 1, -1, 1, 1, 2, 0, 0, 1, 4 ]
[ -6, 1, 0, 1, -1, 1, -2, 0, 3 ]
[ 1, 0, -8, -6, 1, 0, 0, 0, 13 ]
[ 2, 0, -3, -6, 1, 0, -1, 0, 8 ]
[ -1, 0, 8, 1, -1, 1, 0, 0, 13 ]
[ -2, 0, 3, 1, -1, 1, -1, 0, 8 ]
[ -6, 1, 0, -1, 0, 8, 0, 0, 13 ]
[ -6, 1, 0, -2, 0, 3, -1, 0, 8 ]
[ 1, -1, 0, 0, 13, 0, 0, -5, 1 ]
[ 13, 0, 0, -1, 1, 0, -5, 0, 1 ]
[ -1, 1, 0, 0, -5, 1, 0, -2, 3 ]
[ 5, 0, -1, -1, 1, 0, -2, 0, 3 ]
[ -1, 1, 0, 0, -1, 8, 0, 0, 13 ]
[ -1, 1, 0, 0, -2, 3, 0, -1, 8 ]
[ 1, 0, -8, -1, 1, 0, 0, 0, 13 ]
[ 2, 0, -3, -1, 1, 0, -1, 0, 8 ]
[ 13, 0, 0, 4, 1, 0, -5, 0, 1 ]
[ 1, -3, 0, 0, 13, 0, 0, -2, 1 ]
[ 4, 1, 0, -1, 3, 0, -1, 1, 1 ]
[ 5, 0, -1, 4, 1, 0, -2, 0, 3 ]
[ -1, 3, 0, 0, -1, 7, 0, 0, 13 ]
[ -1, 3, 0, 0, -2, 1, 0, -1, 7 ]
[ 1, -2, -7, -1, 3, 0, 0, 0, 13 ]
[ 1, -1, -1, -1, 2, 7, 0, 0, 13 ]
[ 1, -1, -1, -1, 3, 0, -1, 2, 7 ]
[ 4, 1, 0, -1, 1, 1, -2, 0, 3 ]
[ 1, 0, -8, 4, 1, 0, 0, 0, 13 ]
[ 2, 0, -3, 4, 1, 0, -1, 0, 8 ]
[ 1, 0, -8, -1, 1, 1, 0, 0, 13 ]
[ 2, 0, -3, -1, 1, 1, -1, 0, 8 ]
[ 4, 1, 0, -1, 0, 8, 0, 0, 13 ]
[ 4, 1, 0, -2, 0, 3, -1, 0, 8 ]
[ 13, 0, 0, -4, 1, 0, -5, 0, 1 ]
[ 1, 3, 0, 0, 13, 0, 0, 2, 1 ]
[ 4, -1, 0, 1, 3, 0, -1, -1, 1 ]
[ 5, 0, -1, -4, 1, 0, -2, 0, 3 ]
[ 1, 3, 0, 0, 1, 7, 0, 0, 13 ]
[ 1, 3, 0, 0, 2, 1, 0, 1, 7 ]
[ 0, -1, -7, 1, 3, 0, 0, 0, 13 ]
[ 1, 1, -1, 0, 1, 7, 0, 0, 13 ]
[ 1, 1, -1, 1, 3, 0, 0, 1, 7 ]
[ -4, 1, 0, -1, -1, 1, -2, 0, 3 ]
[ 1, 0, -8, -4, 1, 0, 0, 0, 13 ]
[ 2, 0, -3, -4, 1, 0, -1, 0, 8 ]
[ -1, 0, 8, -1, -1, 1, 0, 0, 13 ]
[ -2, 0, 3, -1, -1, 1, -1, 0, 8 ]
[ -4, 1, 0, -1, 0, 8, 0, 0, 13 ]
[ -4, 1, 0, -2, 0, 3, -1, 0, 8 ]
[ 1, 1, 0, 0, 13, 0, 0, 5, 1 ]
[ 13, 0, 0, 1, 1, 0, -5, 0, 1 ]
[ 1, 1, 0, 0, 5, 1, 0, 2, 3 ]
[ 5, 0, -1, 1, 1, 0, -2, 0, 3 ]
[ 1, 1, 0, 0, 1, 8, 0, 0, 13 ]
[ 1, 1, 0, 0, 2, 3, 0, 1, 8 ]
[ 1, 0, -8, 1, 1, 0, 0, 0, 13 ]
[ 2, 0, -3, 1, 1, 0, -1, 0, 8 ]
[ 13, 0, 0, 6, 1, 0, -5, 0, 1 ]
[ 1, -2, 0, 0, 13, 0, 0, 3, 1 ]
[ 6, 1, 0, -1, 2, 0, 1, 1, 1 ]
[ 5, 0, -1, 6, 1, 0, -2, 0, 3 ]
[ -1, 2, 0, 0, -1, 4, 0, 0, 13 ]
[ 1, -2, 0, 0, 3, 1, 0, -1, 4 ]
[ 0, 1, -4, -1, 2, 0, 0, 0, 13 ]
[ -1, -1, -1, 0, -1, 4, 0, 0, 13 ]
[ 1, 1, 1, -1, 2, 0, 0, -1, 4 ]
[ 6, 1, 0, 1, 1, 1, -2, 0, 3 ]
[ 1, 0, -8, 6, 1, 0, 0, 0, 13 ]
[ 2, 0, -3, 6, 1, 0, -1, 0, 8 ]
[ 1, 0, -8, 1, 1, 1, 0, 0, 13 ]
[ 2, 0, -3, 1, 1, 1, -1, 0, 8 ]
[ 6, 1, 0, -1, 0, 8, 0, 0, 13 ]
[ 6, 1, 0, -2, 0, 3, -1, 0, 8 ]
[ 13, 0, 0, -2, 1, 0, -5, 0, 1 ]
[ 1, -7, 0, 0, 13, 0, 0, 4, 1 ]
[ 2, -1, 0, -1, 7, 0, 1, -3, 1 ]
[ 5, 0, -1, -2, 1, 0, -2, 0, 3 ]
[ -1, 7, 0, 0, -1, 3, 0, 0, 13 ]
[ 1, -7, 0, 0, 4, 1, 0, -1, 3 ]
[ 0, 1, -3, -1, 7, 0, 0, 0, 13 ]
[ -1, 3, -1, 0, -1, 3, 0, 0, 13 ]
[ 1, -3, 1, -1, 7, 0, 0, -1, 3 ]
[ 0, -1, 3, 1, -3, 1, 0, 0, 13 ]
[ -2, 1, 0, 1, -3, 1, 0, -1, 3 ]
[ 1, 0, -8, -2, 1, 0, 0, 0, 13 ]
[ 2, 0, -3, -2, 1, 0, -1, 0, 8 ]
[ -1, 0, 8, 0, -1, 3, 0, 0, 13 ]
[ -2, 1, 0, -1, 0, 8, 0, 0, 13 ]
[ -2, 1, 0, 0, -1, 3, -1, 0, 8 ]
[ 13, 0, 0, 3, 1, 0, -5, 0, 1 ]
[ 1, -4, 0, 0, 13, 0, 0, 6, 1 ]
[ 3, 1, 0, -1, 4, 0, 1, 2, 1 ]
[ 5, 0, -1, 3, 1, 0, -2, 0, 3 ]
[ -1, 4, 0, 0, -1, 2, 0, 0, 13 ]
[ 1, -4, 0, 0, 6, 1, 0, -1, 2 ]
[ 0, 1, -2, -1, 4, 0, 0, 0, 13 ]
[ -1, -2, -1, 0, -1, 2, 0, 0, 13 ]
[ 1, 2, 1, -1, 4, 0, 0, -1, 2 ]
[ 1, 1, 3, 1, 2, 1, 0, 0, 13 ]
[ 3, 1, 0, 1, 2, 1, 1, 1, 3 ]
[ 1, 0, -8, 3, 1, 0, 0, 0, 13 ]
[ 2, 0, -3, 3, 1, 0, -1, 0, 8 ]
[ 2, 1, 8, 1, 1, 3, 0, 0, 13 ]
[ 3, 1, 0, 2, 1, 8, 0, 0, 13 ]
[ 3, 1, 0, 1, 1, 3, 2, 1, 8 ]
[ 13, 0, 0, -5, 1, 0, -5, 0, 1 ]
[ 5, -1, 0, -2, 3, 0, 0, -1, 1 ]
[ 5, 0, -1, -5, 1, 0, -2, 0, 3 ]
[ -1, 8, 0, 0, -1, 1, 0, 0, 13 ]
[ 1, -8, 0, 0, 13, 0, 0, -1, 1 ]
[ 0, 1, -1, -1, 8, 0, 0, 0, 13 ]
[ 2, -3, 0, -1, 8, 0, 0, -1, 1 ]
[ 1, -1, -7, -2, 3, 0, 0, 0, 13 ]
[ 0, 1, -1, -1, 1, 7, 0, 0, 13 ]
[ 0, 1, -1, -2, 3, 0, -1, 1, 7 ]
[ -5, 1, 0, 0, -1, 1, -2, 0, 3 ]
[ 1, 0, -8, -5, 1, 0, 0, 0, 13 ]
[ 2, 0, -3, -5, 1, 0, -1, 0, 8 ]
[ -1, 1, 7, 0, -1, 1, 0, 0, 13 ]
[ -2, 3, 0, -1, 1, 7, 0, 0, 13 ]
[ -2, 3, 0, 0, -1, 1, -1, 1, 7 ]
[ -1, 0, 8, 0, -1, 1, 0, 0, 13 ]
[ -2, 0, 3, 0, -1, 1, -1, 0, 8 ]
[ -5, 1, 0, -1, 0, 8, 0, 0, 13 ]
[ -5, 1, 0, -2, 0, 3, -1, 0, 8 ]
[ 13, 0, 0, 0, 1, 0, -2, 0, 1 ]
[ 1, 0, -7, 0, 1, 0, 0, 0, 13 ]
[ 2, 0, -1, 0, 1, 0, -1, 0, 7 ]
[ 13, 0, 0, 2, 1, 0, -2, 0, 1 ]
[ 1, 7, 0, 0, 1, 1, 0, 0, 13 ]
[ 1, 7, 0, 0, 13, 0, 0, 1, 1 ]
[ 0, -1, -1, 1, 7, 0, 0, 0, 13 ]
[ 2, 1, 0, 1, 7, 0, 0, 1, 1 ]
[ 1, 0, -7, 2, 1, 0, 0, 0, 13 ]
[ 2, 0, -1, 2, 1, 0, -1, 0, 7 ]
[ 1, 1, 7, 0, 1, 1, 0, 0, 13 ]
[ 2, 1, 0, 1, 1, 7, 0, 0, 13 ]
[ 2, 1, 0, 0, 1, 1, 1, 1, 7 ]
[ 13, 0, 0, 4, 1, 0, -2, 0, 1 ]
[ 1, -3, 0, 0, 13, 0, 0, -6, 1 ]
[ 4, 1, 0, -1, 3, 0, -2, 0, 1 ]
[ 1, 0, -7, 4, 1, 0, 0, 0, 13 ]
[ 2, 0, -1, 4, 1, 0, -1, 0, 7 ]
[ 1, -3, 0, 0, 1, 2, 0, 0, 13 ]
[ -1, 3, 0, 0, -6, 1, 0, 1, 2 ]
[ 0, 1, 2, -1, 3, 0, 0, 0, 13 ]
[ 2, 0, -1, -1, 3, 0, 0, 1, 2 ]
[ 4, 1, 0, -1, 0, 7, 0, 0, 13 ]
[ 4, 1, 0, -2, 0, 1, -1, 0, 7 ]
[ 1, 0, -7, 0, 1, 2, 0, 0, 13 ]
[ 2, 0, -1, 0, 1, 2, -1, 0, 7 ]
[ 13, 0, 0, 6, 1, 0, -2, 0, 1 ]
[ 1, -2, 0, 0, 13, 0, 0, -4, 1 ]
[ 6, 1, 0, -1, 2, 0, -2, 0, 1 ]
[ 1, 0, -7, 6, 1, 0, 0, 0, 13 ]
[ 2, 0, -1, 6, 1, 0, -1, 0, 7 ]
[ 1, -2, 0, 0, 1, 3, 0, 0, 13 ]
[ -1, 2, 0, 0, -4, 1, 0, 1, 3 ]
[ 0, 1, 3, -1, 2, 0, 0, 0, 13 ]
[ 2, 0, -1, -1, 2, 0, 0, 1, 3 ]
[ 6, 1, 0, -1, 0, 7, 0, 0, 13 ]
[ 6, 1, 0, -2, 0, 1, -1, 0, 7 ]
[ 1, 0, -7, 0, 1, 3, 0, 0, 13 ]
[ 2, 0, -1, 0, 1, 3, -1, 0, 7 ]
[ 13, 0, 0, -5, 1, 0, -2, 0, 1 ]
[ 5, -1, 0, -2, 3, 0, -2, 0, 1 ]
[ 1, 0, -7, -5, 1, 0, 0, 0, 13 ]
[ 2, 0, -1, -5, 1, 0, -1, 0, 7 ]
[ 1, -8, 0, 0, 13, 0, 0, -3, 1 ]
[ 2, -3, 0, -1, 8, 0, 0, -3, 1 ]
[ 1, -1, 2, -2, 3, 0, 0, 0, 13 ]
[ 2, 0, -1, -2, 3, 0, 1, -1, 2 ]
[ -5, 1, 0, -1, 0, 7, 0, 0, 13 ]
[ -5, 1, 0, -2, 0, 1, -1, 0, 7 ]
[ 1, -8, 0, 0, 1, 4, 0, 0, 13 ]
[ -1, 8, 0, 0, -3, 1, 0, 1, 4 ]
[ 0, 1, 4, -1, 8, 0, 0, 0, 13 ]
[ 0, 3, -1, -1, 8, 0, 0, 1, 4 ]
[ 2, -3, 0, -1, 2, 2, 0, 0, 13 ]
[ -2, 3, 0, 0, -3, 1, -1, 2, 2 ]
[ -1, 0, 7, 1, -1, 2, 0, 0, 13 ]
[ -2, 0, 1, 1, -1, 2, -1, 0, 7 ]
[ 1, -2, -2, 0, 1, 4, 0, 0, 13 ]
[ -1, 2, 2, 0, -3, 1, 0, 1, 4 ]
[ 13, 0, 0, -3, 1, 0, -2, 0, 1 ]
[ 1, 4, 0, 0, 13, 0, 0, -5, 1 ]
[ 3, -1, 0, 1, 4, 0, 1, -1, 1 ]
[ 1, 0, -7, -3, 1, 0, 0, 0, 13 ]
[ 2, 0, -1, -3, 1, 0, -1, 0, 7 ]
[ -1, -4, 0, 0, -5, 1, 0, -2, 3 ]
[ 1, -1, 1, 1, 4, 0, 0, -2, 3 ]
[ -1, 0, 7, 1, -1, 1, 0, 0, 13 ]
[ -3, 1, 0, -1, 0, 7, 0, 0, 13 ]
[ -3, 1, 0, 1, -1, 1, -1, 0, 7 ]
[ -1, -4, 0, 0, -1, 8, 0, 0, 13 ]
[ -1, -4, 0, 0, -2, 3, 0, -1, 8 ]
[ 0, -1, 8, 1, 4, 0, 0, 0, 13 ]
[ 0, -2, 3, 1, 4, 0, 0, -1, 8 ]
[ -1, 1, -1, 0, -1, 8, 0, 0, 13 ]
[ -1, 1, -1, 0, -2, 3, 0, -1, 8 ]
[ 1, -1, 0, 0, 13, 0, 0, -2, 1 ]
[ 13, 0, 0, -1, 1, 0, -2, 0, 1 ]
[ -1, 1, 0, 0, -1, 7, 0, 0, 13 ]
[ -1, 1, 0, 0, -2, 1, 0, -1, 7 ]
[ 1, 0, -7, -1, 1, 0, 0, 0, 13 ]
[ 2, 0, -1, -1, 1, 0, -1, 0, 7 ]
[ 1, 1, 0, 0, 13, 0, 0, 2, 1 ]
[ 13, 0, 0, 1, 1, 0, -2, 0, 1 ]
[ 1, 1, 0, 0, 1, 7, 0, 0, 13 ]
[ 1, 1, 0, 0, 2, 1, 0, 1, 7 ]
[ 1, 0, -7, 1, 1, 0, 0, 0, 13 ]
[ 2, 0, -1, 1, 1, 0, -1, 0, 7 ]
[ 13, 0, 0, 3, 1, 0, -2, 0, 1 ]
[ 1, -4, 0, 0, 13, 0, 0, 5, 1 ]
[ 3, 1, 0, -1, 4, 0, 1, 1, 1 ]
[ 1, 0, -7, 3, 1, 0, 0, 0, 13 ]
[ 2, 0, -1, 3, 1, 0, -1, 0, 7 ]
[ 1, -4, 0, 0, 5, 1, 0, 2, 3 ]
[ 1, 1, 1, -1, 4, 0, 0, 2, 3 ]
[ 2, 1, 7, 1, 1, 1, 0, 0, 13 ]
[ 3, 1, 0, 2, 1, 7, 0, 0, 13 ]
[ 3, 1, 0, 1, 1, 1, 2, 1, 7 ]
[ 1, -4, 0, 0, 1, 8, 0, 0, 13 ]
[ 1, -4, 0, 0, 2, 3, 0, 1, 8 ]
[ 0, 1, 8, -1, 4, 0, 0, 0, 13 ]
[ 0, 2, 3, -1, 4, 0, 0, 1, 8 ]
[ 1, 1, 1, 0, 1, 8, 0, 0, 13 ]
[ 1, 1, 1, 0, 2, 3, 0, 1, 8 ]
[ 13, 0, 0, 5, 1, 0, -2, 0, 1 ]
[ 5, 1, 0, 2, 3, 0, -2, 0, 1 ]
[ 1, 0, -7, 5, 1, 0, 0, 0, 13 ]
[ 2, 0, -1, 5, 1, 0, -1, 0, 7 ]
[ 1, 8, 0, 0, 13, 0, 0, 3, 1 ]
[ 2, 3, 0, 1, 8, 0, 0, 3, 1 ]
[ 1, 1, 2, 2, 3, 0, 0, 0, 13 ]
[ 2, 0, -1, 2, 3, 0, 1, 1, 2 ]
[ 5, 1, 0, -1, 0, 7, 0, 0, 13 ]
[ 5, 1, 0, -2, 0, 1, -1, 0, 7 ]
[ -1, -8, 0, 0, -1, 4, 0, 0, 13 ]
[ 1, 8, 0, 0, 3, 1, 0, -1, 4 ]
[ 0, -1, 4, 1, 8, 0, 0, 0, 13 ]
[ 0, -3, -1, 1, 8, 0, 0, -1, 4 ]
[ -2, -3, 0, 1, 1, 2, 0, 0, 13 ]
[ 2, 3, 0, 0, 3, 1, 1, 1, 2 ]
[ 1, 0, -7, 1, 1, 2, 0, 0, 13 ]
[ 2, 0, -1, 1, 1, 2, -1, 0, 7 ]
[ -1, -1, -2, 0, -1, 4, 0, 0, 13 ]
[ 1, 1, 2, 0, 3, 1, 0, -1, 4 ]
[ 13, 0, 0, -6, 1, 0, -2, 0, 1 ]
[ 1, 2, 0, 0, 13, 0, 0, 4, 1 ]
[ 6, -1, 0, 1, 2, 0, -2, 0, 1 ]
[ 1, 0, -7, -6, 1, 0, 0, 0, 13 ]
[ 2, 0, -1, -6, 1, 0, -1, 0, 7 ]
[ -1, -2, 0, 0, -1, 3, 0, 0, 13 ]
[ 1, 2, 0, 0, 4, 1, 0, -1, 3 ]
[ 1, 1, 3, 1, 2, 0, 0, 0, 13 ]
[ 2, 0, -1, 1, 2, 0, 1, 1, 3 ]
[ -6, 1, 0, -1, 0, 7, 0, 0, 13 ]
[ -6, 1, 0, -2, 0, 1, -1, 0, 7 ]
[ 1, 0, -7, 1, 1, 3, 0, 0, 13 ]
[ 2, 0, -1, 1, 1, 3, -1, 0, 7 ]
[ 13, 0, 0, -4, 1, 0, -2, 0, 1 ]
[ 1, 3, 0, 0, 13, 0, 0, 6, 1 ]
[ 4, -1, 0, 1, 3, 0, -2, 0, 1 ]
[ 1, 0, -7, -4, 1, 0, 0, 0, 13 ]
[ 2, 0, -1, -4, 1, 0, -1, 0, 7 ]
[ -1, -3, 0, 0, -1, 2, 0, 0, 13 ]
[ 1, 3, 0, 0, 6, 1, 0, -1, 2 ]
[ 0, -1, 2, 1, 3, 0, 0, 0, 13 ]
[ 2, 0, -1, 1, 3, 0, 0, -1, 2 ]
[ -4, 1, 0, -1, 0, 7, 0, 0, 13 ]
[ -4, 1, 0, -2, 0, 1, -1, 0, 7 ]
[ -1, 0, 7, 0, -1, 2, 0, 0, 13 ]
[ -2, 0, 1, 0, -1, 2, -1, 0, 7 ]
[ 13, 0, 0, -2, 1, 0, -2, 0, 1 ]
[ -1, 7, 0, 0, -1, 1, 0, 0, 13 ]
[ 1, -7, 0, 0, 13, 0, 0, -1, 1 ]
[ 0, 1, -1, -1, 7, 0, 0, 0, 13 ]
[ 2, -1, 0, -1, 7, 0, 0, -1, 1 ]
[ 1, 0, -7, -2, 1, 0, 0, 0, 13 ]
[ 2, 0, -1, -2, 1, 0, -1, 0, 7 ]
[ -1, 0, 7, 0, -1, 1, 0, 0, 13 ]
[ -2, 1, 0, -1, 0, 7, 0, 0, 13 ]
[ -2, 1, 0, 0, -1, 1, -1, 0, 7 ]
[ 13, 0, 0, 0, 1, 0, 2, 0, 1 ]
[ 1, 0, 7, 0, 1, 0, 0, 0, 13 ]
[ 2, 0, 1, 0, 1, 0, 1, 0, 7 ]
[ 13, 0, 0, -2, 1, 0, 2, 0, 1 ]
[ 1, -7, 0, 0, 1, 1, 0, 0, 13 ]
[ 1, -7, 0, 0, 13, 0, 0, 1, 1 ]
[ 0, 1, 1, -1, 7, 0, 0, 0, 13 ]
[ 2, -1, 0, -1, 7, 0, 0, 1, 1 ]
[ 1, 0, 7, -2, 1, 0, 0, 0, 13 ]
[ 2, 0, 1, -2, 1, 0, 1, 0, 7 ]
[ 1, -1, -7, 0, 1, 1, 0, 0, 13 ]
[ 2, -1, 0, -1, 1, 7, 0, 0, 13 ]
[ 2, -1, 0, 0, 1, 1, -1, 1, 7 ]
[ 13, 0, 0, -4, 1, 0, 2, 0, 1 ]
[ 1, 3, 0, 0, 13, 0, 0, -6, 1 ]
[ 4, -1, 0, 1, 3, 0, 2, 0, 1 ]
[ 1, 0, 7, -4, 1, 0, 0, 0, 13 ]
[ 2, 0, 1, -4, 1, 0, 1, 0, 7 ]
[ 1, 3, 0, 0, 1, 2, 0, 0, 13 ]
[ -1, -3, 0, 0, -6, 1, 0, 1, 2 ]
[ 0, -1, -2, 1, 3, 0, 0, 0, 13 ]
[ 2, 0, 1, 1, 3, 0, 0, 1, 2 ]
[ 4, -1, 0, 1, 0, 7, 0, 0, 13 ]
[ 4, -1, 0, 2, 0, 1, 1, 0, 7 ]
[ 1, 0, 7, 0, 1, 2, 0, 0, 13 ]
[ 2, 0, 1, 0, 1, 2, 1, 0, 7 ]
[ 13, 0, 0, -6, 1, 0, 2, 0, 1 ]
[ 1, 2, 0, 0, 13, 0, 0, -4, 1 ]
[ 6, -1, 0, 1, 2, 0, 2, 0, 1 ]
[ 1, 0, 7, -6, 1, 0, 0, 0, 13 ]
[ 2, 0, 1, -6, 1, 0, 1, 0, 7 ]
[ 1, 2, 0, 0, 1, 3, 0, 0, 13 ]
[ -1, -2, 0, 0, -4, 1, 0, 1, 3 ]
[ 0, -1, -3, 1, 2, 0, 0, 0, 13 ]
[ 2, 0, 1, 1, 2, 0, 0, 1, 3 ]
[ 6, -1, 0, 1, 0, 7, 0, 0, 13 ]
[ 6, -1, 0, 2, 0, 1, 1, 0, 7 ]
[ 1, 0, 7, 0, 1, 3, 0, 0, 13 ]
[ 2, 0, 1, 0, 1, 3, 1, 0, 7 ]
[ 13, 0, 0, 5, 1, 0, 2, 0, 1 ]
[ 5, 1, 0, 2, 3, 0, 2, 0, 1 ]
[ 1, 0, 7, 5, 1, 0, 0, 0, 13 ]
[ 2, 0, 1, 5, 1, 0, 1, 0, 7 ]
[ 1, 8, 0, 0, 13, 0, 0, -3, 1 ]
[ 2, 3, 0, 1, 8, 0, 0, -3, 1 ]
[ 1, 1, -2, 2, 3, 0, 0, 0, 13 ]
[ 2, 0, 1, 2, 3, 0, -1, -1, 2 ]
[ -5, -1, 0, 1, 0, 7, 0, 0, 13 ]
[ -5, -1, 0, 2, 0, 1, 1, 0, 7 ]
[ 1, 8, 0, 0, 1, 4, 0, 0, 13 ]
[ -1, -8, 0, 0, -3, 1, 0, 1, 4 ]
[ 0, -1, -4, 1, 8, 0, 0, 0, 13 ]
[ 0, -3, 1, 1, 8, 0, 0, 1, 4 ]
[ 2, 3, 0, 1, 2, 2, 0, 0, 13 ]
[ -2, -3, 0, 0, -3, 1, 1, 2, 2 ]
[ -1, 0, -7, -1, -1, 2, 0, 0, 13 ]
[ -2, 0, -1, -1, -1, 2, 1, 0, 7 ]
[ 1, 2, 2, 0, 1, 4, 0, 0, 13 ]
[ -1, -2, -2, 0, -3, 1, 0, 1, 4 ]
[ 13, 0, 0, 3, 1, 0, 2, 0, 1 ]
[ 1, -4, 0, 0, 13, 0, 0, -5, 1 ]
[ 3, 1, 0, -1, 4, 0, -1, -1, 1 ]
[ 1, 0, 7, 3, 1, 0, 0, 0, 13 ]
[ 2, 0, 1, 3, 1, 0, 1, 0, 7 ]
[ -1, 4, 0, 0, -5, 1, 0, -2, 3 ]
[ 1, 1, -1, -1, 4, 0, 0, -2, 3 ]
[ -1, 0, -7, -1, -1, 1, 0, 0, 13 ]
[ -3, -1, 0, 1, 0, 7, 0, 0, 13 ]
[ -3, -1, 0, -1, -1, 1, 1, 0, 7 ]
[ -1, 4, 0, 0, -1, 8, 0, 0, 13 ]
[ -1, 4, 0, 0, -2, 3, 0, -1, 8 ]
[ 0, 1, -8, -1, 4, 0, 0, 0, 13 ]
[ 0, 2, -3, -1, 4, 0, 0, -1, 8 ]
[ -1, -1, 1, 0, -1, 8, 0, 0, 13 ]
[ -1, -1, 1, 0, -2, 3, 0, -1, 8 ]
[ 1, 1, 0, 0, 13, 0, 0, -2, 1 ]
[ 13, 0, 0, 1, 1, 0, 2, 0, 1 ]
[ -1, -1, 0, 0, -1, 7, 0, 0, 13 ]
[ -1, -1, 0, 0, -2, 1, 0, -1, 7 ]
[ 1, 0, 7, 1, 1, 0, 0, 0, 13 ]
[ 2, 0, 1, 1, 1, 0, 1, 0, 7 ]
[ 1, -1, 0, 0, 13, 0, 0, 2, 1 ]
[ 13, 0, 0, -1, 1, 0, 2, 0, 1 ]
[ 1, -1, 0, 0, 1, 7, 0, 0, 13 ]
[ 1, -1, 0, 0, 2, 1, 0, 1, 7 ]
[ 1, 0, 7, -1, 1, 0, 0, 0, 13 ]
[ 2, 0, 1, -1, 1, 0, 1, 0, 7 ]
[ 13, 0, 0, -3, 1, 0, 2, 0, 1 ]
[ 1, 4, 0, 0, 13, 0, 0, 5, 1 ]
[ 3, -1, 0, 1, 4, 0, -1, 1, 1 ]
[ 1, 0, 7, -3, 1, 0, 0, 0, 13 ]
[ 2, 0, 1, -3, 1, 0, 1, 0, 7 ]
[ 1, 4, 0, 0, 5, 1, 0, 2, 3 ]
[ 1, -1, -1, 1, 4, 0, 0, 2, 3 ]
[ 2, -1, -7, -1, 1, 1, 0, 0, 13 ]
[ 3, -1, 0, -2, 1, 7, 0, 0, 13 ]
[ 3, -1, 0, -1, 1, 1, -2, 1, 7 ]
[ 1, 4, 0, 0, 1, 8, 0, 0, 13 ]
[ 1, 4, 0, 0, 2, 3, 0, 1, 8 ]
[ 0, -1, -8, 1, 4, 0, 0, 0, 13 ]
[ 0, -2, -3, 1, 4, 0, 0, 1, 8 ]
[ 1, -1, -1, 0, 1, 8, 0, 0, 13 ]
[ 1, -1, -1, 0, 2, 3, 0, 1, 8 ]
[ 13, 0, 0, -5, 1, 0, 2, 0, 1 ]
[ 5, -1, 0, -2, 3, 0, 2, 0, 1 ]
[ 1, 0, 7, -5, 1, 0, 0, 0, 13 ]
[ 2, 0, 1, -5, 1, 0, 1, 0, 7 ]
[ 1, -8, 0, 0, 13, 0, 0, 3, 1 ]
[ 2, -3, 0, -1, 8, 0, 0, 3, 1 ]
[ 1, -1, -2, -2, 3, 0, 0, 0, 13 ]
[ 2, 0, 1, -2, 3, 0, -1, 1, 2 ]
[ 5, -1, 0, 1, 0, 7, 0, 0, 13 ]
[ 5, -1, 0, 2, 0, 1, 1, 0, 7 ]
[ -1, 8, 0, 0, -1, 4, 0, 0, 13 ]
[ 1, -8, 0, 0, 3, 1, 0, -1, 4 ]
[ 0, 1, -4, -1, 8, 0, 0, 0, 13 ]
[ 0, 3, 1, -1, 8, 0, 0, -1, 4 ]
[ -2, 3, 0, -1, 1, 2, 0, 0, 13 ]
[ 2, -3, 0, 0, 3, 1, -1, 1, 2 ]
[ 1, 0, 7, -1, 1, 2, 0, 0, 13 ]
[ 2, 0, 1, -1, 1, 2, 1, 0, 7 ]
[ -1, 1, 2, 0, -1, 4, 0, 0, 13 ]
[ 1, -1, -2, 0, 3, 1, 0, -1, 4 ]
[ 13, 0, 0, 6, 1, 0, 2, 0, 1 ]
[ 1, -2, 0, 0, 13, 0, 0, 4, 1 ]
[ 6, 1, 0, -1, 2, 0, 2, 0, 1 ]
[ 1, 0, 7, 6, 1, 0, 0, 0, 13 ]
[ 2, 0, 1, 6, 1, 0, 1, 0, 7 ]
[ -1, 2, 0, 0, -1, 3, 0, 0, 13 ]
[ 1, -2, 0, 0, 4, 1, 0, -1, 3 ]
[ 1, -1, -3, -1, 2, 0, 0, 0, 13 ]
[ 2, 0, 1, -1, 2, 0, -1, 1, 3 ]
[ -6, -1, 0, 1, 0, 7, 0, 0, 13 ]
[ -6, -1, 0, 2, 0, 1, 1, 0, 7 ]
[ 1, 0, 7, -1, 1, 3, 0, 0, 13 ]
[ 2, 0, 1, -1, 1, 3, 1, 0, 7 ]
[ 13, 0, 0, 4, 1, 0, 2, 0, 1 ]
[ 1, -3, 0, 0, 13, 0, 0, 6, 1 ]
[ 4, 1, 0, -1, 3, 0, 2, 0, 1 ]
[ 1, 0, 7, 4, 1, 0, 0, 0, 13 ]
[ 2, 0, 1, 4, 1, 0, 1, 0, 7 ]
[ -1, 3, 0, 0, -1, 2, 0, 0, 13 ]
[ 1, -3, 0, 0, 6, 1, 0, -1, 2 ]
[ 0, 1, -2, -1, 3, 0, 0, 0, 13 ]
[ 2, 0, 1, -1, 3, 0, 0, -1, 2 ]
[ -4, -1, 0, 1, 0, 7, 0, 0, 13 ]
[ -4, -1, 0, 2, 0, 1, 1, 0, 7 ]
[ -1, 0, -7, 0, -1, 2, 0, 0, 13 ]
[ -2, 0, -1, 0, -1, 2, 1, 0, 7 ]
[ 13, 0, 0, 2, 1, 0, 2, 0, 1 ]
[ -1, -7, 0, 0, -1, 1, 0, 0, 13 ]
[ 1, 7, 0, 0, 13, 0, 0, -1, 1 ]
[ 0, -1, 1, 1, 7, 0, 0, 0, 13 ]
[ 2, 1, 0, 1, 7, 0, 0, -1, 1 ]
[ 1, 0, 7, 2, 1, 0, 0, 0, 13 ]
[ 2, 0, 1, 2, 1, 0, 1, 0, 7 ]
[ -1, 0, -7, 0, -1, 1, 0, 0, 13 ]
[ -2, -1, 0, 1, 0, 7, 0, 0, 13 ]
[ -2, -1, 0, 0, -1, 1, 1, 0, 7 ]
[ 13, 0, 0, 0, 1, 0, 5, 0, 1 ]
[ 5, 0, 1, 0, 1, 0, 2, 0, 3 ]
[ 1, 0, 8, 0, 1, 0, 0, 0, 13 ]
[ 2, 0, 3, 0, 1, 0, 1, 0, 8 ]
[ 13, 0, 0, -5, 1, 0, 5, 0, 1 ]
[ 5, -1, 0, -2, 3, 0, 0, 1, 1 ]
[ 5, 0, 1, -5, 1, 0, 2, 0, 3 ]
[ 1, -8, 0, 0, 1, 1, 0, 0, 13 ]
[ 1, -8, 0, 0, 13, 0, 0, 1, 1 ]
[ 0, 1, 1, -1, 8, 0, 0, 0, 13 ]
[ 2, -3, 0, -1, 8, 0, 0, 1, 1 ]
[ -1, 2, 7, -2, 3, 0, 0, 0, 13 ]
[ 0, 1, 1, -1, 2, 7, 0, 0, 13 ]
[ 0, 1, 1, -2, 3, 0, -1, 2, 7 ]
[ 5, -1, 0, 0, 1, 1, 2, 0, 3 ]
[ 1, 0, 8, -5, 1, 0, 0, 0, 13 ]
[ 2, 0, 3, -5, 1, 0, 1, 0, 8 ]
[ 1, -2, -7, 0, 1, 1, 0, 0, 13 ]
[ 2, -3, 0, -1, 2, 7, 0, 0, 13 ]
[ 2, -3, 0, 0, 1, 1, -1, 2, 7 ]
[ 1, 0, 8, 0, 1, 1, 0, 0, 13 ]
[ 2, 0, 3, 0, 1, 1, 1, 0, 8 ]
[ 5, -1, 0, 1, 0, 8, 0, 0, 13 ]
[ 5, -1, 0, 2, 0, 3, 1, 0, 8 ]
[ 13, 0, 0, 3, 1, 0, 5, 0, 1 ]
[ 1, -4, 0, 0, 13, 0, 0, -6, 1 ]
[ 3, 1, 0, -1, 4, 0, -1, -2, 1 ]
[ 5, 0, 1, 3, 1, 0, 2, 0, 3 ]
[ 1, -4, 0, 0, 1, 2, 0, 0, 13 ]
[ -1, 4, 0, 0, -6, 1, 0, 1, 2 ]
[ 0, 1, 2, -1, 4, 0, 0, 0, 13 ]
[ 1, 2, -1, 0, 1, 2, 0, 0, 13 ]
[ 1, 2, -1, -1, 4, 0, 0, 1, 2 ]
[ -1, -1, 3, -1, -2, 1, 0, 0, 13 ]
[ -3, -1, 0, -1, -2, 1, -1, -1, 3 ]
[ 1, 0, 8, 3, 1, 0, 0, 0, 13 ]
[ 2, 0, 3, 3, 1, 0, 1, 0, 8 ]
[ -1, 0, -8, -1, -1, 3, 0, 0, 13 ]
[ -3, -1, 0, 1, 0, 8, 0, 0, 13 ]
[ -3, -1, 0, -1, -1, 3, 1, 0, 8 ]
[ 13, 0, 0, -2, 1, 0, 5, 0, 1 ]
[ 1, -7, 0, 0, 13, 0, 0, -4, 1 ]
[ 2, -1, 0, -1, 7, 0, -1, 3, 1 ]
[ 5, 0, 1, -2, 1, 0, 2, 0, 3 ]
[ 1, -7, 0, 0, 1, 3, 0, 0, 13 ]
[ -1, 7, 0, 0, -4, 1, 0, 1, 3 ]
[ 0, 1, 3, -1, 7, 0, 0, 0, 13 ]
[ 1, -3, -1, 0, 1, 3, 0, 0, 13 ]
[ 1, -3, -1, -1, 7, 0, 0, 1, 3 ]
[ 0, 1, 3, -1, 3, 1, 0, 0, 13 ]
[ 2, -1, 0, -1, 3, 1, 0, 1, 3 ]
[ 1, 0, 8, -2, 1, 0, 0, 0, 13 ]
[ 2, 0, 3, -2, 1, 0, 1, 0, 8 ]
[ 1, -1, -8, 0, 1, 3, 0, 0, 13 ]
[ 2, -1, 0, -1, 1, 8, 0, 0, 13 ]
[ 2, -1, 0, 0, 1, 3, -1, 1, 8 ]
[ 13, 0, 0, 6, 1, 0, 5, 0, 1 ]
[ 1, -2, 0, 0, 13, 0, 0, -3, 1 ]
[ 6, 1, 0, -1, 2, 0, -1, -1, 1 ]
[ 5, 0, 1, 6, 1, 0, 2, 0, 3 ]
[ 1, -2, 0, 0, 1, 4, 0, 0, 13 ]
[ -1, 2, 0, 0, -3, 1, 0, 1, 4 ]
[ 0, 1, 4, -1, 2, 0, 0, 0, 13 ]
[ 1, 1, -1, 0, 1, 4, 0, 0, 13 ]
[ 1, 1, -1, -1, 2, 0, 0, 1, 4 ]
[ -6, -1, 0, -1, -1, 1, 2, 0, 3 ]
[ 1, 0, 8, 6, 1, 0, 0, 0, 13 ]
[ 2, 0, 3, 6, 1, 0, 1, 0, 8 ]
[ -1, 0, -8, -1, -1, 1, 0, 0, 13 ]
[ -2, 0, -3, -1, -1, 1, 1, 0, 8 ]
[ -6, -1, 0, 1, 0, 8, 0, 0, 13 ]
[ -6, -1, 0, 2, 0, 3, 1, 0, 8 ]
[ 1, 1, 0, 0, 13, 0, 0, -5, 1 ]
[ 13, 0, 0, 1, 1, 0, 5, 0, 1 ]
[ -1, -1, 0, 0, -5, 1, 0, -2, 3 ]
[ 5, 0, 1, 1, 1, 0, 2, 0, 3 ]
[ -1, -1, 0, 0, -1, 8, 0, 0, 13 ]
[ -1, -1, 0, 0, -2, 3, 0, -1, 8 ]
[ 1, 0, 8, 1, 1, 0, 0, 0, 13 ]
[ 2, 0, 3, 1, 1, 0, 1, 0, 8 ]
[ 13, 0, 0, -4, 1, 0, 5, 0, 1 ]
[ 1, 3, 0, 0, 13, 0, 0, -2, 1 ]
[ 4, -1, 0, 1, 3, 0, 1, 1, 1 ]
[ 5, 0, 1, -4, 1, 0, 2, 0, 3 ]
[ -1, -3, 0, 0, -1, 7, 0, 0, 13 ]
[ -1, -3, 0, 0, -2, 1, 0, -1, 7 ]
[ 1, 2, 7, 1, 3, 0, 0, 0, 13 ]
[ 1, 1, 1, 1, 2, 7, 0, 0, 13 ]
[ 1, 1, 1, 1, 3, 0, 1, 2, 7 ]
[ 4, -1, 0, 1, 1, 1, 2, 0, 3 ]
[ 1, 0, 8, -4, 1, 0, 0, 0, 13 ]
[ 2, 0, 3, -4, 1, 0, 1, 0, 8 ]
[ 1, 0, 8, 1, 1, 1, 0, 0, 13 ]
[ 2, 0, 3, 1, 1, 1, 1, 0, 8 ]
[ 4, -1, 0, 1, 0, 8, 0, 0, 13 ]
[ 4, -1, 0, 2, 0, 3, 1, 0, 8 ]
[ 13, 0, 0, 4, 1, 0, 5, 0, 1 ]
[ 1, -3, 0, 0, 13, 0, 0, 2, 1 ]
[ 4, 1, 0, -1, 3, 0, 1, -1, 1 ]
[ 5, 0, 1, 4, 1, 0, 2, 0, 3 ]
[ 1, -3, 0, 0, 1, 7, 0, 0, 13 ]
[ 1, -3, 0, 0, 2, 1, 0, 1, 7 ]
[ 0, 1, 7, -1, 3, 0, 0, 0, 13 ]
[ 1, -1, 1, 0, 1, 7, 0, 0, 13 ]
[ 1, -1, 1, -1, 3, 0, 0, 1, 7 ]
[ -4, -1, 0, 1, -1, 1, 2, 0, 3 ]
[ 1, 0, 8, 4, 1, 0, 0, 0, 13 ]
[ 2, 0, 3, 4, 1, 0, 1, 0, 8 ]
[ -1, 0, -8, 1, -1, 1, 0, 0, 13 ]
[ -2, 0, -3, 1, -1, 1, 1, 0, 8 ]
[ -4, -1, 0, 1, 0, 8, 0, 0, 13 ]
[ -4, -1, 0, 2, 0, 3, 1, 0, 8 ]
[ 1, -1, 0, 0, 13, 0, 0, 5, 1 ]
[ 13, 0, 0, -1, 1, 0, 5, 0, 1 ]
[ 1, -1, 0, 0, 5, 1, 0, 2, 3 ]
[ 5, 0, 1, -1, 1, 0, 2, 0, 3 ]
[ 1, -1, 0, 0, 1, 8, 0, 0, 13 ]
[ 1, -1, 0, 0, 2, 3, 0, 1, 8 ]
[ 1, 0, 8, -1, 1, 0, 0, 0, 13 ]
[ 2, 0, 3, -1, 1, 0, 1, 0, 8 ]
[ 13, 0, 0, -6, 1, 0, 5, 0, 1 ]
[ 1, 2, 0, 0, 13, 0, 0, 3, 1 ]
[ 6, -1, 0, 1, 2, 0, -1, 1, 1 ]
[ 5, 0, 1, -6, 1, 0, 2, 0, 3 ]
[ -1, -2, 0, 0, -1, 4, 0, 0, 13 ]
[ 1, 2, 0, 0, 3, 1, 0, -1, 4 ]
[ 0, -1, 4, 1, 2, 0, 0, 0, 13 ]
[ -1, 1, 1, 0, -1, 4, 0, 0, 13 ]
[ 1, -1, -1, 1, 2, 0, 0, -1, 4 ]
[ 6, -1, 0, -1, 1, 1, 2, 0, 3 ]
[ 1, 0, 8, -6, 1, 0, 0, 0, 13 ]
[ 2, 0, 3, -6, 1, 0, 1, 0, 8 ]
[ 1, 0, 8, -1, 1, 1, 0, 0, 13 ]
[ 2, 0, 3, -1, 1, 1, 1, 0, 8 ]
[ 6, -1, 0, 1, 0, 8, 0, 0, 13 ]
[ 6, -1, 0, 2, 0, 3, 1, 0, 8 ]
[ 13, 0, 0, 2, 1, 0, 5, 0, 1 ]
[ 1, 7, 0, 0, 13, 0, 0, 4, 1 ]
[ 2, 1, 0, 1, 7, 0, -1, -3, 1 ]
[ 5, 0, 1, 2, 1, 0, 2, 0, 3 ]
[ -1, -7, 0, 0, -1, 3, 0, 0, 13 ]
[ 1, 7, 0, 0, 4, 1, 0, -1, 3 ]
[ 0, -1, 3, 1, 7, 0, 0, 0, 13 ]
[ -1, -3, 1, 0, -1, 3, 0, 0, 13 ]
[ 1, 3, -1, 1, 7, 0, 0, -1, 3 ]
[ 0, 1, -3, -1, -3, 1, 0, 0, 13 ]
[ -2, -1, 0, -1, -3, 1, 0, -1, 3 ]
[ 1, 0, 8, 2, 1, 0, 0, 0, 13 ]
[ 2, 0, 3, 2, 1, 0, 1, 0, 8 ]
[ -1, 0, -8, 0, -1, 3, 0, 0, 13 ]
[ -2, -1, 0, 1, 0, 8, 0, 0, 13 ]
[ -2, -1, 0, 0, -1, 3, 1, 0, 8 ]
[ 13, 0, 0, -3, 1, 0, 5, 0, 1 ]
[ 1, 4, 0, 0, 13, 0, 0, 6, 1 ]
[ 3, -1, 0, 1, 4, 0, -1, 2, 1 ]
[ 5, 0, 1, -3, 1, 0, 2, 0, 3 ]
[ -1, -4, 0, 0, -1, 2, 0, 0, 13 ]
[ 1, 4, 0, 0, 6, 1, 0, -1, 2 ]
[ 0, -1, 2, 1, 4, 0, 0, 0, 13 ]
[ -1, 2, 1, 0, -1, 2, 0, 0, 13 ]
[ 1, -2, -1, 1, 4, 0, 0, -1, 2 ]
[ 1, -1, -3, -1, 2, 1, 0, 0, 13 ]
[ 3, -1, 0, -1, 2, 1, -1, 1, 3 ]
[ 1, 0, 8, -3, 1, 0, 0, 0, 13 ]
[ 2, 0, 3, -3, 1, 0, 1, 0, 8 ]
[ 2, -1, -8, -1, 1, 3, 0, 0, 13 ]
[ 3, -1, 0, -2, 1, 8, 0, 0, 13 ]
[ 3, -1, 0, -1, 1, 3, -2, 1, 8 ]
[ 13, 0, 0, 5, 1, 0, 5, 0, 1 ]
[ 5, 1, 0, 2, 3, 0, 0, -1, 1 ]
[ 5, 0, 1, 5, 1, 0, 2, 0, 3 ]
[ -1, -8, 0, 0, -1, 1, 0, 0, 13 ]
[ 1, 8, 0, 0, 13, 0, 0, -1, 1 ]
[ 0, -1, 1, 1, 8, 0, 0, 0, 13 ]
[ 2, 3, 0, 1, 8, 0, 0, -1, 1 ]
[ 1, 1, 7, 2, 3, 0, 0, 0, 13 ]
[ 0, -1, 1, 1, 1, 7, 0, 0, 13 ]
[ 0, -1, 1, 2, 3, 0, 1, 1, 7 ]
[ -5, -1, 0, 0, -1, 1, 2, 0, 3 ]
[ 1, 0, 8, 5, 1, 0, 0, 0, 13 ]
[ 2, 0, 3, 5, 1, 0, 1, 0, 8 ]
[ -1, -1, -7, 0, -1, 1, 0, 0, 13 ]
[ -2, -3, 0, 1, 1, 7, 0, 0, 13 ]
[ -2, -3, 0, 0, -1, 1, 1, 1, 7 ]
[ -1, 0, -8, 0, -1, 1, 0, 0, 13 ]
[ -2, 0, -3, 0, -1, 1, 1, 0, 8 ]
[ -5, -1, 0, 1, 0, 8, 0, 0, 13 ]
[ -5, -1, 0, 2, 0, 3, 1, 0, 8 ]
[ 13, 0, 0, 0, 1, 0, 3, 0, 1 ]
[ 1, 0, -4, 0, 1, 0, 0, 0, 13 ]
[ 3, 0, 1, 0, 1, 0, -1, 0, 4 ]
[ 13, 0, 0, -3, 1, 0, 3, 0, 1 ]
[ 1, 4, 0, 0, 1, 1, 0, 0, 13 ]
[ 1, 4, 0, 0, 13, 0, 0, 1, 1 ]
[ 0, -1, -1, 1, 4, 0, 0, 0, 13 ]
[ 3, -1, 0, 1, 4, 0, 0, 1, 1 ]
[ 1, 0, -4, -3, 1, 0, 0, 0, 13 ]
[ 3, 0, 1, -3, 1, 0, -1, 0, 4 ]
[ 1, 0, -4, 0, 1, 1, 0, 0, 13 ]
[ -3, 1, 0, -1, 0, 4, 0, 0, 13 ]
[ 3, -1, 0, 0, 1, 1, -1, 0, 4 ]
[ 13, 0, 0, -6, 1, 0, 3, 0, 1 ]
[ 1, 2, 0, 0, 13, 0, 0, -6, 1 ]
[ 6, -1, 0, 1, 2, 0, 3, 0, 1 ]
[ 1, 0, -4, -6, 1, 0, 0, 0, 13 ]
[ 3, 0, 1, -6, 1, 0, -1, 0, 4 ]
[ 1, 2, 0, 0, 1, 2, 0, 0, 13 ]
[ -1, -2, 0, 0, -6, 1, 0, 1, 2 ]
[ 0, -1, -2, 1, 2, 0, 0, 0, 13 ]
[ 3, 0, 1, 1, 2, 0, 0, 1, 2 ]
[ -6, 1, 0, -1, 0, 4, 0, 0, 13 ]
[ 6, -1, 0, 3, 0, 1, -1, 0, 4 ]
[ 1, 0, -4, 0, 1, 2, 0, 0, 13 ]
[ 3, 0, 1, 0, 1, 2, -1, 0, 4 ]
[ 13, 0, 0, 4, 1, 0, 3, 0, 1 ]
[ 1, -3, 0, 0, 13, 0, 0, -4, 1 ]
[ 4, 1, 0, -1, 3, 0, -1, -1, 1 ]
[ 1, 0, -4, 4, 1, 0, 0, 0, 13 ]
[ 3, 0, 1, 4, 1, 0, -1, 0, 4 ]
[ 1, -3, 0, 0, 1, 3, 0, 0, 13 ]
[ -1, 3, 0, 0, -4, 1, 0, 1, 3 ]
[ 0, 1, 3, -1, 3, 0, 0, 0, 13 ]
[ 1, 1, -1, 0, 1, 3, 0, 0, 13 ]
[ 1, 1, -1, -1, 3, 0, 0, 1, 3 ]
[ -1, 0, 4, -1, -1, 1, 0, 0, 13 ]
[ 4, 1, 0, -1, 0, 4, 0, 0, 13 ]
[ -4, -1, 0, -1, -1, 1, -1, 0, 4 ]
[ 1, 1, 0, 0, 13, 0, 0, -3, 1 ]
[ 13, 0, 0, 1, 1, 0, 3, 0, 1 ]
[ 1, 1, 0, 0, 1, 4, 0, 0, 13 ]
[ -1, -1, 0, 0, -3, 1, 0, 1, 4 ]
[ 1, 0, -4, 1, 1, 0, 0, 0, 13 ]
[ 3, 0, 1, 1, 1, 0, -1, 0, 4 ]
[ 13, 0, 0, -2, 1, 0, 3, 0, 1 ]
[ 1, -7, 0, 0, 13, 0, 0, -5, 1 ]
[ 2, -1, 0, -1, 7, 0, -1, 2, 1 ]
[ 1, 0, -4, -2, 1, 0, 0, 0, 13 ]
[ 3, 0, 1, -2, 1, 0, -1, 0, 4 ]
[ -1, 7, 0, 0, -5, 1, 0, -2, 3 ]
[ 1, -2, -1, -1, 7, 0, 0, -2, 3 ]
[ 1, -1, 4, -1, 2, 1, 0, 0, 13 ]
[ -2, 1, 0, 1, -1, 4, 0, 0, 13 ]
[ 2, -1, 0, -1, 2, 1, 1, -1, 4 ]
[ -1, 7, 0, 0, -1, 8, 0, 0, 13 ]
[ -1, 7, 0, 0, -2, 3, 0, -1, 8 ]
[ 0, 1, -8, -1, 7, 0, 0, 0, 13 ]
[ 0, 2, -3, -1, 7, 0, 0, -1, 8 ]
[ -1, 2, 1, 0, -1, 8, 0, 0, 13 ]
[ -1, 2, 1, 0, -2, 3, 0, -1, 8 ]
[ 13, 0, 0, -5, 1, 0, 3, 0, 1 ]
[ 5, -1, 0, -2, 3, 0, -2, 1, 1 ]
[ 1, 0, -4, -5, 1, 0, 0, 0, 13 ]
[ 3, 0, 1, -5, 1, 0, -1, 0, 4 ]
[ 1, -8, 0, 0, 13, 0, 0, -2, 1 ]
[ 2, -3, 0, -1, 8, 0, 0, -2, 1 ]
[ 1, -1, 3, -2, 3, 0, 0, 0, 13 ]
[ -2, 1, 1, 1, -1, 3, 0, 0, 13 ]
[ 2, -1, -1, -2, 3, 0, 1, -1, 3 ]
[ 1, 0, -4, -2, 1, 1, 0, 0, 13 ]
[ -5, 1, 0, -1, 0, 4, 0, 0, 13 ]
[ 5, -1, 0, -2, 1, 1, -1, 0, 4 ]
[ -1, 8, 0, 0, -1, 7, 0, 0, 13 ]
[ -1, 8, 0, 0, -2, 1, 0, -1, 7 ]
[ 0, 1, -7, -1, 8, 0, 0, 0, 13 ]
[ 0, 2, -1, -1, 8, 0, 0, -1, 7 ]
[ 2, -3, 0, -1, 2, 3, 0, 0, 13 ]
[ -2, 3, 0, 0, -2, 1, -1, 2, 3 ]
[ -1, 2, 3, 0, -1, 7, 0, 0, 13 ]
[ -1, 2, 3, 0, -2, 1, 0, -1, 7 ]
[ 13, 0, 0, 5, 1, 0, 3, 0, 1 ]
[ 5, 1, 0, 2, 3, 0, -2, -1, 1 ]
[ 1, 0, -4, 5, 1, 0, 0, 0, 13 ]
[ 3, 0, 1, 5, 1, 0, -1, 0, 4 ]
[ 1, 8, 0, 0, 13, 0, 0, 2, 1 ]
[ 2, 3, 0, 1, 8, 0, 0, 2, 1 ]
[ 1, 1, 3, 2, 3, 0, 0, 0, 13 ]
[ 2, 1, -1, 1, 1, 3, 0, 0, 13 ]
[ 2, 1, -1, 2, 3, 0, 1, 1, 3 ]
[ -1, 0, 4, -2, -1, 1, 0, 0, 13 ]
[ 5, 1, 0, -1, 0, 4, 0, 0, 13 ]
[ -5, -1, 0, -2, -1, 1, -1, 0, 4 ]
[ 1, 8, 0, 0, 1, 7, 0, 0, 13 ]
[ 1, 8, 0, 0, 2, 1, 0, 1, 7 ]
[ 0, -1, -7, 1, 8, 0, 0, 0, 13 ]
[ 0, -2, -1, 1, 8, 0, 0, 1, 7 ]
[ -2, -3, 0, 1, 1, 3, 0, 0, 13 ]
[ 2, 3, 0, 0, 2, 1, 1, 1, 3 ]
[ 1, 1, 3, 0, 1, 7, 0, 0, 13 ]
[ 1, 1, 3, 0, 2, 1, 0, 1, 7 ]
[ 13, 0, 0, 2, 1, 0, 3, 0, 1 ]
[ 1, 7, 0, 0, 13, 0, 0, 5, 1 ]
[ 2, 1, 0, 1, 7, 0, -1, -2, 1 ]
[ 1, 0, -4, 2, 1, 0, 0, 0, 13 ]
[ 3, 0, 1, 2, 1, 0, -1, 0, 4 ]
[ 1, 7, 0, 0, 5, 1, 0, 2, 3 ]
[ 1, 2, -1, 1, 7, 0, 0, 2, 3 ]
[ -1, -1, -4, -1, -2, 1, 0, 0, 13 ]
[ 2, 1, 0, 1, 1, 4, 0, 0, 13 ]
[ -2, -1, 0, -1, -2, 1, 1, 1, 4 ]
[ 1, 7, 0, 0, 1, 8, 0, 0, 13 ]
[ 1, 7, 0, 0, 2, 3, 0, 1, 8 ]
[ 0, -1, -8, 1, 7, 0, 0, 0, 13 ]
[ 0, -2, -3, 1, 7, 0, 0, 1, 8 ]
[ 1, 2, -1, 0, 1, 8, 0, 0, 13 ]
[ 1, 2, -1, 0, 2, 3, 0, 1, 8 ]
[ 1, -1, 0, 0, 13, 0, 0, 3, 1 ]
[ 13, 0, 0, -1, 1, 0, 3, 0, 1 ]
[ -1, 1, 0, 0, -1, 4, 0, 0, 13 ]
[ 1, -1, 0, 0, 3, 1, 0, -1, 4 ]
[ 1, 0, -4, -1, 1, 0, 0, 0, 13 ]
[ 3, 0, 1, -1, 1, 0, -1, 0, 4 ]
[ 13, 0, 0, -4, 1, 0, 3, 0, 1 ]
[ 1, 3, 0, 0, 13, 0, 0, 4, 1 ]
[ 4, -1, 0, 1, 3, 0, -1, 1, 1 ]
[ 1, 0, -4, -4, 1, 0, 0, 0, 13 ]
[ 3, 0, 1, -4, 1, 0, -1, 0, 4 ]
[ -1, -3, 0, 0, -1, 3, 0, 0, 13 ]
[ 1, 3, 0, 0, 4, 1, 0, -1, 3 ]
[ 0, -1, 3, 1, 3, 0, 0, 0, 13 ]
[ -1, 1, 1, 0, -1, 3, 0, 0, 13 ]
[ 1, -1, -1, 1, 3, 0, 0, -1, 3 ]
[ 1, 0, -4, -1, 1, 1, 0, 0, 13 ]
[ -4, 1, 0, -1, 0, 4, 0, 0, 13 ]
[ 4, -1, 0, -1, 1, 1, -1, 0, 4 ]
[ 13, 0, 0, 6, 1, 0, 3, 0, 1 ]
[ 1, -2, 0, 0, 13, 0, 0, 6, 1 ]
[ 6, 1, 0, -1, 2, 0, 3, 0, 1 ]
[ 1, 0, -4, 6, 1, 0, 0, 0, 13 ]
[ 3, 0, 1, 6, 1, 0, -1, 0, 4 ]
[ -1, 2, 0, 0, -1, 2, 0, 0, 13 ]
[ 1, -2, 0, 0, 6, 1, 0, -1, 2 ]
[ 1, -1, -2, -1, 2, 0, 0, 0, 13 ]
[ 3, 0, 1, -1, 2, 0, -1, 1, 2 ]
[ 6, 1, 0, -1, 0, 4, 0, 0, 13 ]
[ -6, -1, 0, 3, 0, 1, -1, 0, 4 ]
[ 1, 0, -4, -1, 1, 2, 0, 0, 13 ]
[ 3, 0, 1, -1, 1, 2, -1, 0, 4 ]
[ 13, 0, 0, 3, 1, 0, 3, 0, 1 ]
[ -1, 4, 0, 0, -1, 1, 0, 0, 13 ]
[ 1, -4, 0, 0, 13, 0, 0, -1, 1 ]
[ 0, 1, -1, -1, 4, 0, 0, 0, 13 ]
[ 3, 1, 0, -1, 4, 0, 0, -1, 1 ]
[ 1, 0, -4, 3, 1, 0, 0, 0, 13 ]
[ 3, 0, 1, 3, 1, 0, -1, 0, 4 ]
[ -1, 0, 4, 0, -1, 1, 0, 0, 13 ]
[ 3, 1, 0, -1, 0, 4, 0, 0, 13 ]
[ -3, -1, 0, 0, -1, 1, -1, 0, 4 ]
[ 13, 0, 0, 0, 1, 0, 4, 0, 1 ]
[ 1, 0, -3, 0, 1, 0, 0, 0, 13 ]
[ 4, 0, 1, 0, 1, 0, -1, 0, 3 ]
[ 13, 0, 0, -4, 1, 0, 4, 0, 1 ]
[ 1, 3, 0, 0, 1, 1, 0, 0, 13 ]
[ 1, 3, 0, 0, 13, 0, 0, 1, 1 ]
[ 0, -1, -1, 1, 3, 0, 0, 0, 13 ]
[ 4, -1, 0, 1, 3, 0, 0, 1, 1 ]
[ 1, 0, -3, -4, 1, 0, 0, 0, 13 ]
[ 4, 0, 1, -4, 1, 0, -1, 0, 3 ]
[ 1, 0, -3, 0, 1, 1, 0, 0, 13 ]
[ -4, 1, 0, -1, 0, 3, 0, 0, 13 ]
[ 4, -1, 0, 0, 1, 1, -1, 0, 3 ]
[ 13, 0, 0, 5, 1, 0, 4, 0, 1 ]
[ 1, 1, -1, 2, 3, 0, 0, 0, 13 ]
[ 5, 1, 0, 2, 3, 0, -1, -1, 1 ]
[ 1, 0, -3, 5, 1, 0, 0, 0, 13 ]
[ 4, 0, 1, 5, 1, 0, -1, 0, 3 ]
[ 1, 8, 0, 0, 13, 0, 0, -6, 1 ]
[ 2, 3, 0, 1, 2, 1, 0, 0, 13 ]
[ 2, 3, 0, 1, 8, 0, 1, 2, 1 ]
[ -1, 0, 3, -1, -1, 1, 0, 0, 13 ]
[ 5, 1, 0, -1, 0, 3, 0, 0, 13 ]
[ -5, -1, 0, -1, -1, 1, -1, 0, 3 ]
[ 1, 8, 0, 0, 1, 2, 0, 0, 13 ]
[ -1, -8, 0, 0, -6, 1, 0, 1, 2 ]
[ 0, -1, -2, 1, 8, 0, 0, 0, 13 ]
[ 1, 2, 1, 0, 1, 2, 0, 0, 13 ]
[ 1, 2, 1, 1, 8, 0, 0, 1, 2 ]
[ 1, 1, 0, 0, 13, 0, 0, -4, 1 ]
[ 13, 0, 0, 1, 1, 0, 4, 0, 1 ]
[ 1, 1, 0, 0, 1, 3, 0, 0, 13 ]
[ -1, -1, 0, 0, -4, 1, 0, 1, 3 ]
[ 1, 0, -3, 1, 1, 0, 0, 0, 13 ]
[ 4, 0, 1, 1, 1, 0, -1, 0, 3 ]
[ 13, 0, 0, -3, 1, 0, 4, 0, 1 ]
[ 1, 4, 0, 0, 13, 0, 0, -3, 1 ]
[ 3, -1, 0, 1, 4, 0, 1, 1, 1 ]
[ 1, 0, -3, -3, 1, 0, 0, 0, 13 ]
[ 4, 0, 1, -3, 1, 0, -1, 0, 3 ]
[ 1, 4, 0, 0, 1, 4, 0, 0, 13 ]
[ -1, -4, 0, 0, -3, 1, 0, 1, 4 ]
[ 0, -1, -4, 1, 4, 0, 0, 0, 13 ]
[ 1, 1, 1, 0, 1, 4, 0, 0, 13 ]
[ 1, 1, 1, 1, 4, 0, 0, 1, 4 ]
[ 1, 0, -3, 1, 1, 1, 0, 0, 13 ]
[ -3, 1, 0, -1, 0, 3, 0, 0, 13 ]
[ 3, -1, 0, 1, 1, 1, -1, 0, 3 ]
[ 13, 0, 0, 6, 1, 0, 4, 0, 1 ]
[ 1, -2, 0, 0, 13, 0, 0, -5, 1 ]
[ 6, 1, 0, -1, 2, 0, -2, -1, 1 ]
[ 1, 0, -3, 6, 1, 0, 0, 0, 13 ]
[ 4, 0, 1, 6, 1, 0, -1, 0, 3 ]
[ -1, 2, 0, 0, -5, 1, 0, -2, 3 ]
[ 2, 1, -1, -1, 0, 3, 0, 0, 13 ]
[ 2, 1, -1, -1, 2, 0, -1, 0, 3 ]
[ -1, 0, 3, -2, -1, 1, 0, 0, 13 ]
[ 6, 1, 0, -1, 0, 3, 0, 0, 13 ]
[ -6, -1, 0, -2, -1, 1, -1, 0, 3 ]
[ -1, 2, 0, 0, -1, 8, 0, 0, 13 ]
[ -1, 2, 0, 0, -2, 3, 0, -1, 8 ]
[ 1, -1, -8, -1, 2, 0, 0, 0, 13 ]
[ 1, 0, -3, -1, 1, 8, 0, 0, 13 ]
[ 1, 0, -3, -1, 2, 0, -1, 1, 8 ]
[ 13, 0, 0, 2, 1, 0, 4, 0, 1 ]
[ 1, 7, 0, 0, 13, 0, 0, -2, 1 ]
[ 2, 1, 0, 1, 7, 0, 0, -2, 1 ]
[ 1, 0, -3, 2, 1, 0, 0, 0, 13 ]
[ 4, 0, 1, 2, 1, 0, -1, 0, 3 ]
[ -1, -7, 0, 0, -1, 7, 0, 0, 13 ]
[ -1, -7, 0, 0, -2, 1, 0, -1, 7 ]
[ 0, -1, 7, 1, 7, 0, 0, 0, 13 ]
[ 0, -2, 1, 1, 7, 0, 0, -1, 7 ]
[ 2, 1, 0, 1, 1, 3, 0, 0, 13 ]
[ -2, -1, 0, 0, -2, 1, 1, 1, 3 ]
[ -1, -1, -3, 0, -1, 7, 0, 0, 13 ]
[ -1, -1, -3, 0, -2, 1, 0, -1, 7 ]
[ 13, 0, 0, -2, 1, 0, 4, 0, 1 ]
[ 1, -7, 0, 0, 13, 0, 0, 2, 1 ]
[ 2, -1, 0, -1, 7, 0, 0, 2, 1 ]
[ 1, 0, -3, -2, 1, 0, 0, 0, 13 ]
[ 4, 0, 1, -2, 1, 0, -1, 0, 3 ]
[ 1, -7, 0, 0, 1, 7, 0, 0, 13 ]
[ 1, -7, 0, 0, 2, 1, 0, 1, 7 ]
[ 0, 1, 7, -1, 7, 0, 0, 0, 13 ]
[ 0, 2, 1, -1, 7, 0, 0, 1, 7 ]
[ -2, 1, 0, -1, 0, 3, 0, 0, 13 ]
[ 2, -1, 0, 0, 2, 1, -1, 0, 3 ]
[ 1, 0, -3, 0, 1, 7, 0, 0, 13 ]
[ 1, 0, -3, 0, 2, 1, 0, 1, 7 ]
[ 13, 0, 0, -6, 1, 0, 4, 0, 1 ]
[ 1, 2, 0, 0, 13, 0, 0, 5, 1 ]
[ 6, -1, 0, 1, 2, 0, -2, 1, 1 ]
[ 1, 0, -3, -6, 1, 0, 0, 0, 13 ]
[ 4, 0, 1, -6, 1, 0, -1, 0, 3 ]
[ 1, 2, 0, 0, 5, 1, 0, 2, 3 ]
[ -2, 1, 1, -1, 0, 3, 0, 0, 13 ]
[ 2, -1, -1, 1, 2, 0, -1, 0, 3 ]
[ 1, 0, -3, -2, 1, 1, 0, 0, 13 ]
[ -6, 1, 0, -1, 0, 3, 0, 0, 13 ]
[ 6, -1, 0, -2, 1, 1, -1, 0, 3 ]
[ 1, 2, 0, 0, 1, 8, 0, 0, 13 ]
[ 1, 2, 0, 0, 2, 3, 0, 1, 8 ]
[ 0, -1, -8, 1, 2, 0, 0, 0, 13 ]
[ 1, 0, -3, 0, 1, 8, 0, 0, 13 ]
[ 1, 0, -3, 1, 2, 0, 0, 1, 8 ]
[ 13, 0, 0, 3, 1, 0, 4, 0, 1 ]
[ 1, -4, 0, 0, 13, 0, 0, 3, 1 ]
[ 3, 1, 0, -1, 4, 0, 1, -1, 1 ]
[ 1, 0, -3, 3, 1, 0, 0, 0, 13 ]
[ 4, 0, 1, 3, 1, 0, -1, 0, 3 ]
[ -1, 4, 0, 0, -1, 4, 0, 0, 13 ]
[ 1, -4, 0, 0, 3, 1, 0, -1, 4 ]
[ 0, 1, -4, -1, 4, 0, 0, 0, 13 ]
[ -1, 1, -1, 0, -1, 4, 0, 0, 13 ]
[ 1, -1, 1, -1, 4, 0, 0, -1, 4 ]
[ -1, 0, 3, 1, -1, 1, 0, 0, 13 ]
[ 3, 1, 0, -1, 0, 3, 0, 0, 13 ]
[ -3, -1, 0, 1, -1, 1, -1, 0, 3 ]
[ 1, -1, 0, 0, 13, 0, 0, 4, 1 ]
[ 13, 0, 0, -1, 1, 0, 4, 0, 1 ]
[ -1, 1, 0, 0, -1, 3, 0, 0, 13 ]
[ 1, -1, 0, 0, 4, 1, 0, -1, 3 ]
[ 1, 0, -3, -1, 1, 0, 0, 0, 13 ]
[ 4, 0, 1, -1, 1, 0, -1, 0, 3 ]
[ 13, 0, 0, -5, 1, 0, 4, 0, 1 ]
[ 1, -1, -1, -2, 3, 0, 0, 0, 13 ]
[ 5, -1, 0, -2, 3, 0, -1, 1, 1 ]
[ 1, 0, -3, -5, 1, 0, 0, 0, 13 ]
[ 4, 0, 1, -5, 1, 0, -1, 0, 3 ]
[ 1, -8, 0, 0, 13, 0, 0, 6, 1 ]
[ -2, 3, 0, 1, -2, 1, 0, 0, 13 ]
[ 2, -3, 0, -1, 8, 0, 1, -2, 1 ]
[ 1, 0, -3, -1, 1, 1, 0, 0, 13 ]
[ -5, 1, 0, -1, 0, 3, 0, 0, 13 ]
[ 5, -1, 0, -1, 1, 1, -1, 0, 3 ]
[ -1, 8, 0, 0, -1, 2, 0, 0, 13 ]
[ 1, -8, 0, 0, 6, 1, 0, -1, 2 ]
[ 0, 1, -2, -1, 8, 0, 0, 0, 13 ]
[ -1, 2, -1, 0, -1, 2, 0, 0, 13 ]
[ 1, -2, 1, -1, 8, 0, 0, -1, 2 ]
[ 13, 0, 0, 4, 1, 0, 4, 0, 1 ]
[ -1, 3, 0, 0, -1, 1, 0, 0, 13 ]
[ 1, -3, 0, 0, 13, 0, 0, -1, 1 ]
[ 0, 1, -1, -1, 3, 0, 0, 0, 13 ]
[ 4, 1, 0, -1, 3, 0, 0, -1, 1 ]
[ 1, 0, -3, 4, 1, 0, 0, 0, 13 ]
[ 4, 0, 1, 4, 1, 0, -1, 0, 3 ]
[ -1, 0, 3, 0, -1, 1, 0, 0, 13 ]
[ 4, 1, 0, -1, 0, 3, 0, 0, 13 ]
[ -4, -1, 0, 0, -1, 1, -1, 0, 3 ]
[ 13, 0, 0, 0, 1, 0, 6, 0, 1 ]
[ 1, 0, -2, 0, 1, 0, 0, 0, 13 ]
[ 6, 0, 1, 0, 1, 0, -1, 0, 2 ]
[ 13, 0, 0, -6, 1, 0, 6, 0, 1 ]
[ 1, 2, 0, 0, 1, 1, 0, 0, 13 ]
[ 1, 2, 0, 0, 13, 0, 0, 1, 1 ]
[ 0, -1, -1, 1, 2, 0, 0, 0, 13 ]
[ 6, -1, 0, 1, 2, 0, 0, 1, 1 ]
[ 1, 0, -2, -6, 1, 0, 0, 0, 13 ]
[ 6, 0, 1, -6, 1, 0, -1, 0, 2 ]
[ 1, 0, -2, 0, 1, 1, 0, 0, 13 ]
[ -6, 1, 0, -1, 0, 2, 0, 0, 13 ]
[ 6, -1, 0, 0, 1, 1, -1, 0, 2 ]
[ 1, 1, 0, 0, 13, 0, 0, -6, 1 ]
[ 13, 0, 0, 1, 1, 0, 6, 0, 1 ]
[ 1, 1, 0, 0, 1, 2, 0, 0, 13 ]
[ -1, -1, 0, 0, -6, 1, 0, 1, 2 ]
[ 1, 0, -2, 1, 1, 0, 0, 0, 13 ]
[ 6, 0, 1, 1, 1, 0, -1, 0, 2 ]
[ 13, 0, 0, -5, 1, 0, 6, 0, 1 ]
[ 5, -1, 0, -2, 3, 0, 1, 1, 1 ]
[ 1, 0, -2, -5, 1, 0, 0, 0, 13 ]
[ 6, 0, 1, -5, 1, 0, -1, 0, 2 ]
[ 1, -8, 0, 0, 13, 0, 0, -4, 1 ]
[ 2, -3, 0, -1, 8, 0, -1, 4, 1 ]
[ 1, 1, 1, 0, 1, 3, 0, 0, 13 ]
[ 1, 1, 1, -2, 3, 0, 0, 1, 3 ]
[ 1, 0, -2, 1, 1, 1, 0, 0, 13 ]
[ -5, 1, 0, -1, 0, 2, 0, 0, 13 ]
[ 5, -1, 0, 1, 1, 1, -1, 0, 2 ]
[ 1, -8, 0, 0, 1, 3, 0, 0, 13 ]
[ -1, 8, 0, 0, -4, 1, 0, 1, 3 ]
[ 0, 1, 3, -1, 8, 0, 0, 0, 13 ]
[ 1, -4, -1, 0, 1, 3, 0, 0, 13 ]
[ 1, -4, -1, -1, 8, 0, 0, 1, 3 ]
[ 0, 1, 3, -1, 4, 1, 0, 0, 13 ]
[ 2, -3, 0, -1, 4, 1, 0, 1, 3 ]
[ -1, 2, 8, -2, 3, 0, 0, 0, 13 ]
[ 0, 1, 3, -1, 2, 8, 0, 0, 13 ]
[ 0, 1, 3, -2, 3, 0, -1, 2, 8 ]
[ 1, -2, -8, 0, 1, 3, 0, 0, 13 ]
[ 2, -3, 0, -1, 2, 8, 0, 0, 13 ]
[ 2, -3, 0, 0, 1, 3, -1, 2, 8 ]
[ 13, 0, 0, 2, 1, 0, 6, 0, 1 ]
[ 1, 7, 0, 0, 13, 0, 0, -3, 1 ]
[ 2, 1, 0, 1, 7, 0, 0, -3, 1 ]
[ 1, 0, -2, 2, 1, 0, 0, 0, 13 ]
[ 6, 0, 1, 2, 1, 0, -1, 0, 2 ]
[ 1, 7, 0, 0, 1, 4, 0, 0, 13 ]
[ -1, -7, 0, 0, -3, 1, 0, 1, 4 ]
[ 0, -1, -4, 1, 7, 0, 0, 0, 13 ]
[ 0, -3, 1, 1, 7, 0, 0, 1, 4 ]
[ 2, 1, 0, 1, 1, 2, 0, 0, 13 ]
[ -2, -1, 0, 0, -3, 1, 1, 1, 2 ]
[ 1, 1, 2, 0, 1, 4, 0, 0, 13 ]
[ -1, -1, -2, 0, -3, 1, 0, 1, 4 ]
[ 13, 0, 0, -4, 1, 0, 6, 0, 1 ]
[ 1, 3, 0, 0, 13, 0, 0, -5, 1 ]
[ 4, -1, 0, 1, 3, 0, 2, 1, 1 ]
[ 1, 0, -2, -4, 1, 0, 0, 0, 13 ]
[ 6, 0, 1, -4, 1, 0, -1, 0, 2 ]
[ -1, -3, 0, 0, -5, 1, 0, -2, 3 ]
[ 2, 1, 1, 1, 1, 3, 0, 0, 13 ]
[ 2, 1, 1, 1, 3, 0, 1, 1, 3 ]
[ 1, 0, -2, 2, 1, 1, 0, 0, 13 ]
[ -4, 1, 0, -1, 0, 2, 0, 0, 13 ]
[ 4, -1, 0, 2, 1, 1, -1, 0, 2 ]
[ -1, -3, 0, 0, -1, 8, 0, 0, 13 ]
[ -1, -3, 0, 0, -2, 3, 0, -1, 8 ]
[ 1, 2, 8, 1, 3, 0, 0, 0, 13 ]
[ 1, 1, 3, 1, 2, 8, 0, 0, 13 ]
[ 1, 1, 3, 1, 3, 0, 1, 2, 8 ]
[ 13, 0, 0, 3, 1, 0, 6, 0, 1 ]
[ 1, -4, 0, 0, 13, 0, 0, -2, 1 ]
[ 3, 1, 0, -1, 4, 0, 0, -2, 1 ]
[ 1, 0, -2, 3, 1, 0, 0, 0, 13 ]
[ 6, 0, 1, 3, 1, 0, -1, 0, 2 ]
[ -1, 4, 0, 0, -1, 7, 0, 0, 13 ]
[ -1, 4, 0, 0, -2, 1, 0, -1, 7 ]
[ 0, 1, -7, -1, 4, 0, 0, 0, 13 ]
[ 0, 2, -1, -1, 4, 0, 0, -1, 7 ]
[ 3, 1, 0, -1, 0, 2, 0, 0, 13 ]
[ -3, -1, 0, 0, -2, 1, -1, 0, 2 ]
[ -1, 0, 2, 0, -1, 7, 0, 0, 13 ]
[ -1, 0, 2, 0, -2, 1, 0, -1, 7 ]
[ 13, 0, 0, -3, 1, 0, 6, 0, 1 ]
[ 1, 4, 0, 0, 13, 0, 0, 2, 1 ]
[ 3, -1, 0, 1, 4, 0, 0, 2, 1 ]
[ 1, 0, -2, -3, 1, 0, 0, 0, 13 ]
[ 6, 0, 1, -3, 1, 0, -1, 0, 2 ]
[ 1, 4, 0, 0, 1, 7, 0, 0, 13 ]
[ 1, 4, 0, 0, 2, 1, 0, 1, 7 ]
[ 0, -1, -7, 1, 4, 0, 0, 0, 13 ]
[ 0, -2, -1, 1, 4, 0, 0, 1, 7 ]
[ -3, 1, 0, -1, 0, 2, 0, 0, 13 ]
[ 3, -1, 0, 0, 2, 1, -1, 0, 2 ]
[ 1, 0, -2, 0, 1, 7, 0, 0, 13 ]
[ 1, 0, -2, 0, 2, 1, 0, 1, 7 ]
[ 13, 0, 0, 4, 1, 0, 6, 0, 1 ]
[ 1, -3, 0, 0, 13, 0, 0, 5, 1 ]
[ 4, 1, 0, -1, 3, 0, 2, -1, 1 ]
[ 1, 0, -2, 4, 1, 0, 0, 0, 13 ]
[ 6, 0, 1, 4, 1, 0, -1, 0, 2 ]
[ 1, -3, 0, 0, 5, 1, 0, 2, 3 ]
[ -2, 1, -1, 1, -1, 3, 0, 0, 13 ]
[ 2, -1, 1, -1, 3, 0, 1, -1, 3 ]
[ -1, 0, 2, 2, -1, 1, 0, 0, 13 ]
[ 4, 1, 0, -1, 0, 2, 0, 0, 13 ]
[ -4, -1, 0, 2, -1, 1, -1, 0, 2 ]
[ 1, -3, 0, 0, 1, 8, 0, 0, 13 ]
[ 1, -3, 0, 0, 2, 3, 0, 1, 8 ]
[ 0, 1, 8, -1, 3, 0, 0, 0, 13 ]
[ 1, -1, 3, 0, 1, 8, 0, 0, 13 ]
[ 1, -1, 3, -1, 3, 0, 0, 1, 8 ]
[ 13, 0, 0, -2, 1, 0, 6, 0, 1 ]
[ 1, -7, 0, 0, 13, 0, 0, 3, 1 ]
[ 2, -1, 0, -1, 7, 0, 0, 3, 1 ]
[ 1, 0, -2, -2, 1, 0, 0, 0, 13 ]
[ 6, 0, 1, -2, 1, 0, -1, 0, 2 ]
[ -1, 7, 0, 0, -1, 4, 0, 0, 13 ]
[ 1, -7, 0, 0, 3, 1, 0, -1, 4 ]
[ 0, 1, -4, -1, 7, 0, 0, 0, 13 ]
[ 0, 3, 1, -1, 7, 0, 0, -1, 4 ]
[ -2, 1, 0, -1, 0, 2, 0, 0, 13 ]
[ 2, -1, 0, 0, 3, 1, -1, 0, 2 ]
[ -1, 0, 2, 0, -1, 4, 0, 0, 13 ]
[ 1, 0, -2, 0, 3, 1, 0, -1, 4 ]
[ 13, 0, 0, 5, 1, 0, 6, 0, 1 ]
[ 5, 1, 0, 2, 3, 0, 1, -1, 1 ]
[ 1, 0, -2, 5, 1, 0, 0, 0, 13 ]
[ 6, 0, 1, 5, 1, 0, -1, 0, 2 ]
[ 1, 8, 0, 0, 13, 0, 0, 4, 1 ]
[ 2, 3, 0, 1, 8, 0, -1, -4, 1 ]
[ -1, 1, -1, 0, -1, 3, 0, 0, 13 ]
[ 1, -1, 1, 2, 3, 0, 0, -1, 3 ]
[ -1, 0, 2, 1, -1, 1, 0, 0, 13 ]
[ 5, 1, 0, -1, 0, 2, 0, 0, 13 ]
[ -5, -1, 0, 1, -1, 1, -1, 0, 2 ]
[ -1, -8, 0, 0, -1, 3, 0, 0, 13 ]
[ 1, 8, 0, 0, 4, 1, 0, -1, 3 ]
[ 0, -1, 3, 1, 8, 0, 0, 0, 13 ]
[ -1, -4, 1, 0, -1, 3, 0, 0, 13 ]
[ 1, 4, -1, 1, 8, 0, 0, -1, 3 ]
[ 0, 1, -3, -1, -4, 1, 0, 0, 13 ]
[ -2, -3, 0, -1, -4, 1, 0, -1, 3 ]
[ 1, 1, 8, 2, 3, 0, 0, 0, 13 ]
[ 0, -1, 3, 1, 1, 8, 0, 0, 13 ]
[ 0, -1, 3, 2, 3, 0, 1, 1, 8 ]
[ -1, -1, -8, 0, -1, 3, 0, 0, 13 ]
[ -2, -3, 0, 1, 1, 8, 0, 0, 13 ]
[ -2, -3, 0, 0, -1, 3, 1, 1, 8 ]
[ 1, -1, 0, 0, 13, 0, 0, 6, 1 ]
[ 13, 0, 0, -1, 1, 0, 6, 0, 1 ]
[ -1, 1, 0, 0, -1, 2, 0, 0, 13 ]
[ 1, -1, 0, 0, 6, 1, 0, -1, 2 ]
[ 1, 0, -2, -1, 1, 0, 0, 0, 13 ]
[ 6, 0, 1, -1, 1, 0, -1, 0, 2 ]
[ 13, 0, 0, 6, 1, 0, 6, 0, 1 ]
[ -1, 2, 0, 0, -1, 1, 0, 0, 13 ]
[ 1, -2, 0, 0, 13, 0, 0, -1, 1 ]
[ 0, 1, -1, -1, 2, 0, 0, 0, 13 ]
[ 6, 1, 0, -1, 2, 0, 0, -1, 1 ]
[ 1, 0, -2, 6, 1, 0, 0, 0, 13 ]
[ 6, 0, 1, 6, 1, 0, -1, 0, 2 ]
[ -1, 0, 2, 0, -1, 1, 0, 0, 13 ]
[ 6, 1, 0, -1, 0, 2, 0, 0, 13 ]
[ -6, -1, 0, 0, -1, 1, -1, 0, 2 ]
[ 1, 0, -1, 0, 1, 0, 0, 0, 13 ]
[ 13, 0, 0, 0, 1, 0, -1, 0, 1 ]
[ 1, 1, 0, 0, 1, 1, 0, 0, 13 ]
[ 1, 1, 0, 0, 13, 0, 0, 1, 1 ]
[ 1, 0, -1, 1, 1, 0, 0, 0, 13 ]
[ 13, 0, 0, 1, 1, 0, -1, 0, 1 ]
[ 1, 0, -1, 2, 1, 0, 0, 0, 13 ]
[ 13, 0, 0, 2, 1, 0, -1, 0, 1 ]
[ 1, 7, 0, 0, 13, 0, 0, -6, 1 ]
[ 2, 1, 0, 1, 1, 1, 0, 0, 13 ]
[ 2, 1, 0, 1, 7, 0, 1, 1, 1 ]
[ 1, 7, 0, 0, 1, 2, 0, 0, 13 ]
[ -1, -7, 0, 0, -6, 1, 0, 1, 2 ]
[ 0, -1, -2, 1, 7, 0, 0, 0, 13 ]
[ 1, 1, 1, 0, 1, 2, 0, 0, 13 ]
[ 1, 1, 1, 1, 7, 0, 0, 1, 2 ]
[ 1, 0, -1, 3, 1, 0, 0, 0, 13 ]
[ 13, 0, 0, 3, 1, 0, -1, 0, 1 ]
[ 1, -4, 0, 0, 13, 0, 0, -4, 1 ]
[ 3, 1, 0, -1, 0, 1, 0, 0, 13 ]
[ 3, 1, 0, -1, 4, 0, -1, 0, 1 ]
[ 1, -4, 0, 0, 1, 3, 0, 0, 13 ]
[ -1, 4, 0, 0, -4, 1, 0, 1, 3 ]
[ 0, 1, 3, -1, 4, 0, 0, 0, 13 ]
[ 1, 0, -1, 0, 1, 3, 0, 0, 13 ]
[ 1, 0, -1, -1, 4, 0, 0, 1, 3 ]
[ 1, 0, -1, 4, 1, 0, 0, 0, 13 ]
[ 13, 0, 0, 4, 1, 0, -1, 0, 1 ]
[ 1, -3, 0, 0, 13, 0, 0, -3, 1 ]
[ 4, 1, 0, -1, 0, 1, 0, 0, 13 ]
[ 4, 1, 0, -1, 3, 0, -1, 0, 1 ]
[ 1, -3, 0, 0, 1, 4, 0, 0, 13 ]
[ -1, 3, 0, 0, -3, 1, 0, 1, 4 ]
[ 0, 1, 4, -1, 3, 0, 0, 0, 13 ]
[ 1, 0, -1, 0, 1, 4, 0, 0, 13 ]
[ 1, 0, -1, -1, 3, 0, 0, 1, 4 ]
[ 1, 0, -1, 5, 1, 0, 0, 0, 13 ]
[ 13, 0, 0, 5, 1, 0, -1, 0, 1 ]
[ 5, 1, 0, -1, 0, 1, 0, 0, 13 ]
[ 5, 1, 0, 2, 3, 0, -1, 0, 1 ]
[ 1, 8, 0, 0, 13, 0, 0, -5, 1 ]
[ 2, 3, 0, 1, 8, 0, 1, 3, 1 ]
[ 1, 1, 4, 2, 3, 0, 0, 0, 13 ]
[ 1, 0, -1, 1, 1, 4, 0, 0, 13 ]
[ 1, 0, -1, 2, 3, 0, 1, 1, 4 ]
[ -1, -8, 0, 0, -5, 1, 0, -2, 3 ]
[ 1, 3, 1, 1, 8, 0, 0, -2, 3 ]
[ 1, 2, -4, 1, 3, 1, 0, 0, 13 ]
[ -2, -3, 0, -1, -2, 4, 0, 0, 13 ]
[ 2, 3, 0, 1, 3, 1, -1, -2, 4 ]
[ -1, -8, 0, 0, -1, 8, 0, 0, 13 ]
[ -1, -8, 0, 0, -2, 3, 0, -1, 8 ]
[ 0, -1, 8, 1, 8, 0, 0, 0, 13 ]
[ 0, -2, 3, 1, 8, 0, 0, -1, 8 ]
[ -1, -3, -1, 0, -1, 8, 0, 0, 13 ]
[ -1, -3, -1, 0, -2, 3, 0, -1, 8 ]
[ 1, 0, -1, 6, 1, 0, 0, 0, 13 ]
[ 13, 0, 0, 6, 1, 0, -1, 0, 1 ]
[ 1, -2, 0, 0, 13, 0, 0, -2, 1 ]
[ 6, 1, 0, -1, 0, 1, 0, 0, 13 ]
[ 6, 1, 0, -1, 2, 0, -1, 0, 1 ]
[ -1, 2, 0, 0, -1, 7, 0, 0, 13 ]
[ -1, 2, 0, 0, -2, 1, 0, -1, 7 ]
[ 1, -1, -7, -1, 2, 0, 0, 0, 13 ]
[ 1, 0, -1, -1, 1, 7, 0, 0, 13 ]
[ 1, 0, -1, -1, 2, 0, -1, 1, 7 ]
[ 1, 0, -1, -6, 1, 0, 0, 0, 13 ]
[ 13, 0, 0, -6, 1, 0, -1, 0, 1 ]
[ 1, 2, 0, 0, 13, 0, 0, 2, 1 ]
[ -6, 1, 0, -1, 0, 1, 0, 0, 13 ]
[ 6, -1, 0, 1, 2, 0, -1, 0, 1 ]
[ 1, 2, 0, 0, 1, 7, 0, 0, 13 ]
[ 1, 2, 0, 0, 2, 1, 0, 1, 7 ]
[ 0, -1, -7, 1, 2, 0, 0, 0, 13 ]
[ 1, 0, -1, 0, 1, 7, 0, 0, 13 ]
[ 1, 0, -1, 1, 2, 0, 0, 1, 7 ]
[ 1, 0, -1, -5, 1, 0, 0, 0, 13 ]
[ 13, 0, 0, -5, 1, 0, -1, 0, 1 ]
[ -5, 1, 0, -1, 0, 1, 0, 0, 13 ]
[ 5, -1, 0, -2, 3, 0, -1, 0, 1 ]
[ 1, -8, 0, 0, 13, 0, 0, 5, 1 ]
[ 2, -3, 0, -1, 8, 0, 1, -3, 1 ]
[ 1, -1, 4, -2, 3, 0, 0, 0, 13 ]
[ -1, 0, 1, 1, -1, 4, 0, 0, 13 ]
[ 1, 0, -1, -2, 3, 0, 1, -1, 4 ]
[ 1, -8, 0, 0, 5, 1, 0, 2, 3 ]
[ 1, -3, 1, -1, 8, 0, 0, 2, 3 ]
[ -1, 2, 4, 1, -3, 1, 0, 0, 13 ]
[ 2, -3, 0, -1, 2, 4, 0, 0, 13 ]
[ -2, 3, 0, 1, -3, 1, -1, 2, 4 ]
[ 1, -8, 0, 0, 1, 8, 0, 0, 13 ]
[ 1, -8, 0, 0, 2, 3, 0, 1, 8 ]
[ 0, 1, 8, -1, 8, 0, 0, 0, 13 ]
[ 0, 2, 3, -1, 8, 0, 0, 1, 8 ]
[ 1, -3, 1, 0, 1, 8, 0, 0, 13 ]
[ 1, -3, 1, 0, 2, 3, 0, 1, 8 ]
[ 1, 0, -1, -4, 1, 0, 0, 0, 13 ]
[ 13, 0, 0, -4, 1, 0, -1, 0, 1 ]
[ 1, 3, 0, 0, 13, 0, 0, 3, 1 ]
[ -4, 1, 0, -1, 0, 1, 0, 0, 13 ]
[ 4, -1, 0, 1, 3, 0, -1, 0, 1 ]
[ -1, -3, 0, 0, -1, 4, 0, 0, 13 ]
[ 1, 3, 0, 0, 3, 1, 0, -1, 4 ]
[ 0, -1, 4, 1, 3, 0, 0, 0, 13 ]
[ -1, 0, 1, 0, -1, 4, 0, 0, 13 ]
[ 1, 0, -1, 1, 3, 0, 0, -1, 4 ]
[ 1, 0, -1, -3, 1, 0, 0, 0, 13 ]
[ 13, 0, 0, -3, 1, 0, -1, 0, 1 ]
[ 1, 4, 0, 0, 13, 0, 0, 4, 1 ]
[ -3, 1, 0, -1, 0, 1, 0, 0, 13 ]
[ 3, -1, 0, 1, 4, 0, -1, 0, 1 ]
[ -1, -4, 0, 0, -1, 3, 0, 0, 13 ]
[ 1, 4, 0, 0, 4, 1, 0, -1, 3 ]
[ 0, -1, 3, 1, 4, 0, 0, 0, 13 ]
[ -1, 0, 1, 0, -1, 3, 0, 0, 13 ]
[ 1, 0, -1, 1, 4, 0, 0, -1, 3 ]
[ 1, 0, -1, -2, 1, 0, 0, 0, 13 ]
[ 13, 0, 0, -2, 1, 0, -1, 0, 1 ]
[ 1, -7, 0, 0, 13, 0, 0, 6, 1 ]
[ -2, 1, 0, 1, -1, 1, 0, 0, 13 ]
[ 2, -1, 0, -1, 7, 0, 1, -1, 1 ]
[ -1, 7, 0, 0, -1, 2, 0, 0, 13 ]
[ 1, -7, 0, 0, 6, 1, 0, -1, 2 ]
[ 0, 1, -2, -1, 7, 0, 0, 0, 13 ]
[ -1, 1, -1, 0, -1, 2, 0, 0, 13 ]
[ 1, -1, 1, -1, 7, 0, 0, -1, 2 ]
[ -1, 1, 0, 0, -1, 1, 0, 0, 13 ]
[ 1, -1, 0, 0, 13, 0, 0, -1, 1 ]
[ 1, 0, -1, -1, 1, 0, 0, 0, 13 ]
[ 13, 0, 0, -1, 1, 0, -1, 0, 1 ]
[ 1, 0, 0, 0, 13, 0, 0, 0, 1 ]
[ 1, 1, 0, 0, 13, 0, 0, 0, 1 ]
[ 13, 0, 0, 1, 1, 0, 0, 0, 1 ]
[ 13, 0, 0, -6, 1, 0, 0, 0, 1 ]
[ 1, 2, 0, 0, 13, 0, 0, 0, 1 ]
[ 6, -1, 0, 1, 2, 0, 0, 0, 1 ]
[ 13, 0, 0, -4, 1, 0, 0, 0, 1 ]
[ 1, 3, 0, 0, 13, 0, 0, 0, 1 ]
[ 4, -1, 0, 1, 3, 0, 0, 0, 1 ]
[ 13, 0, 0, -3, 1, 0, 0, 0, 1 ]
[ 1, 4, 0, 0, 13, 0, 0, 0, 1 ]
[ 3, -1, 0, 1, 4, 0, 0, 0, 1 ]
[ 13, 0, 0, -5, 1, 0, 0, 0, 1 ]
[ 5, -1, 0, -2, 3, 0, 0, 0, 1 ]
[ 1, -8, 0, 0, 13, 0, 0, 0, 1 ]
[ 2, -3, 0, -1, 8, 0, 0, 0, 1 ]
[ 13, 0, 0, -2, 1, 0, 0, 0, 1 ]
[ 1, -7, 0, 0, 13, 0, 0, 0, 1 ]
[ 2, -1, 0, -1, 7, 0, 0, 0, 1 ]
[ 13, 0, 0, 2, 1, 0, 0, 0, 1 ]
[ 1, 7, 0, 0, 13, 0, 0, 0, 1 ]
[ 2, 1, 0, 1, 7, 0, 0, 0, 1 ]
[ 13, 0, 0, 5, 1, 0, 0, 0, 1 ]
[ 5, 1, 0, 2, 3, 0, 0, 0, 1 ]
[ 1, 8, 0, 0, 13, 0, 0, 0, 1 ]
[ 2, 3, 0, 1, 8, 0, 0, 0, 1 ]
[ 13, 0, 0, 3, 1, 0, 0, 0, 1 ]
[ 1, -4, 0, 0, 13, 0, 0, 0, 1 ]
[ 3, 1, 0, -1, 4, 0, 0, 0, 1 ]
[ 13, 0, 0, 4, 1, 0, 0, 0, 1 ]
[ 1, -3, 0, 0, 13, 0, 0, 0, 1 ]
[ 4, 1, 0, -1, 3, 0, 0, 0, 1 ]
[ 13, 0, 0, 6, 1, 0, 0, 0, 1 ]
[ 1, -2, 0, 0, 13, 0, 0, 0, 1 ]
[ 6, 1, 0, -1, 2, 0, 0, 0, 1 ]
[ 1, -1, 0, 0, 13, 0, 0, 0, 1 ]
[ 13, 0, 0, -1, 1, 0, 0, 0, 1 ]
[ 13, 0, 0, 0, 1, 0, 0, 0, 1 ]
