[ 1, 0, 0, 0, 11, 0, 0, 0, 11 ]
[ 1, 0, 1, 0, 11, 0, 0, 0, 11 ]
[ 11, 0, 0, 0, 11, 0, 1, 0, 1 ]
[ 11, 0, 0, 0, 11, 0, -5, 0, 1 ]
[ 1, 0, 2, 0, 11, 0, 0, 0, 11 ]
[ 5, 0, -1, 0, 11, 0, 1, 0, 2 ]
[ 11, 0, 0, 0, 11, 0, 4, 0, 1 ]
[ 1, 0, 3, 0, 11, 0, 0, 0, 11 ]
[ 4, 0, 1, 0, 11, 0, 1, 0, 3 ]
[ 11, 0, 0, 0, 11, 0, 3, 0, 1 ]
[ 1, 0, 4, 0, 11, 0, 0, 0, 11 ]
[ 3, 0, 1, 0, 11, 0, 1, 0, 4 ]
[ 11, 0, 0, 0, 11, 0, -2, 0, 1 ]
[ 1, 0, -6, 0, 11, 0, 0, 0, 11 ]
[ 2, 0, -1, 0, 11, 0, -1, 0, 6 ]
[ 11, 0, 0, 0, 11, 0, 2, 0, 1 ]
[ 1, 0, 6, 0, 11, 0, 0, 0, 11 ]
[ 2, 0, 1, 0, 11, 0, 1, 0, 6 ]
[ 11, 0, 0, 0, 11, 0, -3, 0, 1 ]
[ 1, 0, -4, 0, 11, 0, 0, 0, 11 ]
[ 3, 0, -1, 0, 11, 0, -1, 0, 4 ]
[ 11, 0, 0, 0, 11, 0, -4, 0, 1 ]
[ 1, 0, -3, 0, 11, 0, 0, 0, 11 ]
[ 4, 0, -1, 0, 11, 0, -1, 0, 3 ]
[ 11, 0, 0, 0, 11, 0, 5, 0, 1 ]
[ 1, 0, -2, 0, 11, 0, 0, 0, 11 ]
[ 5, 0, 1, 0, 11, 0, -1, 0, 2 ]
[ 1, 0, -1, 0, 11, 0, 0, 0, 11 ]
[ 11, 0, 0, 0, 11, 0, -1, 0, 1 ]
[ 1, 1, 0, 0, 11, 0, 0, 0, 11 ]
[ 11, 0, 0, 1, 1, 0, 0, 0, 11 ]
[ 1, 1, 1, 0, 11, 0, 0, 0, 11 ]
[ 11, 0, 0, 1, 1, 1, 0, 0, 11 ]
[ 11, 0, 0, 0, 11, 0, 1, 1, 1 ]
[ 11, 0, 0, 0, 11, 0, -5, -5, 1 ]
[ 1, 1, 2, 0, 11, 0, 0, 0, 11 ]
[ 5, 5, -1, 0, 11, 0, 1, 1, 2 ]
[ 11, 0, 0, 1, 1, 2, 0, 0, 11 ]
[ -11, 0, 0, -5, -5, 1, 1, 1, 2 ]
[ 11, 0, 0, 0, 11, 0, 4, 4, 1 ]
[ 1, 1, 3, 0, 11, 0, 0, 0, 11 ]
[ 4, 4, 1, 0, 11, 0, 1, 1, 3 ]
[ 11, 0, 0, 1, 1, 3, 0, 0, 11 ]
[ 11, 0, 0, 4, 4, 1, 1, 1, 3 ]
[ 11, 0, 0, 0, 11, 0, 3, 3, 1 ]
[ 1, 1, 4, 0, 11, 0, 0, 0, 11 ]
[ 3, 3, 1, 0, 11, 0, 1, 1, 4 ]
[ 11, 0, 0, 1, 1, 4, 0, 0, 11 ]
[ 11, 0, 0, 3, 3, 1, 1, 1, 4 ]
[ 11, 0, 0, 0, 11, 0, -2, -2, 1 ]
[ 1, 1, -6, 0, 11, 0, 0, 0, 11 ]
[ 2, 2, -1, 0, 11, 0, -1, -1, 6 ]
[ -11, 0, 0, -1, -1, 6, 0, 0, 11 ]
[ -11, 0, 0, -2, -2, 1, -1, -1, 6 ]
[ 11, 0, 0, 0, 11, 0, 2, 2, 1 ]
[ 1, 1, 6, 0, 11, 0, 0, 0, 11 ]
[ 2, 2, 1, 0, 11, 0, 1, 1, 6 ]
[ 11, 0, 0, 1, 1, 6, 0, 0, 11 ]
[ 11, 0, 0, 2, 2, 1, 1, 1, 6 ]
[ 11, 0, 0, 0, 11, 0, -3, -3, 1 ]
[ 1, 1, -4, 0, 11, 0, 0, 0, 11 ]
[ 3, 3, -1, 0, 11, 0, -1, -1, 4 ]
[ -11, 0, 0, -1, -1, 4, 0, 0, 11 ]
[ -11, 0, 0, -3, -3, 1, -1, -1, 4 ]
[ 11, 0, 0, 0, 11, 0, -4, -4, 1 ]
[ 1, 1, -3, 0, 11, 0, 0, 0, 11 ]
[ 4, 4, -1, 0, 11, 0, -1, -1, 3 ]
[ -11, 0, 0, -1, -1, 3, 0, 0, 11 ]
[ -11, 0, 0, -4, -4, 1, -1, -1, 3 ]
[ 11, 0, 0, 0, 11, 0, 5, 5, 1 ]
[ 1, 1, -2, 0, 11, 0, 0, 0, 11 ]
[ 5, 5, 1, 0, 11, 0, -1, -1, 2 ]
[ -11, 0, 0, -1, -1, 2, 0, 0, 11 ]
[ 11, 0, 0, 5, 5, 1, -1, -1, 2 ]
[ 1, 1, -1, 0, 11, 0, 0, 0, 11 ]
[ -11, 0, 0, -1, -1, 1, 0, 0, 11 ]
[ 11, 0, 0, 0, 11, 0, -1, -1, 1 ]
[ 11, 0, 0, -5, 1, 0, 0, 0, 11 ]
[ 1, 2, 0, 0, 11, 0, 0, 0, 11 ]
[ 5, -1, 0, 1, 2, 0, 0, 0, 11 ]
[ 1, 2, 1, 0, 11, 0, 0, 0, 11 ]
[ 11, 0, 0, 0, 11, 0, 1, 2, 1 ]
[ 6, 1, 6, 1, 2, 1, 0, 0, 11 ]
[ 11, 0, 0, 6, 1, 6, 0, 0, 11 ]
[ 11, 0, 0, 1, 2, 1, 6, 1, 6 ]
[ 11, 0, 0, -5, 1, 1, 0, 0, 11 ]
[ 11, 0, 0, 0, 11, 0, -5, 1, 1 ]
[ 1, 2, 2, 0, 11, 0, 0, 0, 11 ]
[ 5, -1, -1, 1, 2, 2, 0, 0, 11 ]
[ 5, -1, -1, 0, 11, 0, 1, 2, 2 ]
[ 11, 0, 0, 0, 11, 0, 4, -3, 1 ]
[ 1, 2, 3, 0, 11, 0, 0, 0, 11 ]
[ 4, -3, 1, 1, 2, 3, 0, 0, 11 ]
[ 4, -3, 1, 0, 11, 0, 1, 2, 3 ]
[ -5, 1, -4, 4, -3, 1, 0, 0, 11 ]
[ -11, 0, 0, 5, -1, 4, 0, 0, 11 ]
[ -11, 0, 0, 4, -3, 1, 5, -1, 4 ]
[ 11, 0, 0, 0, 11, 0, 3, -5, 1 ]
[ 1, 2, 4, 0, 11, 0, 0, 0, 11 ]
[ 3, -5, 1, 1, 2, 4, 0, 0, 11 ]
[ 3, -5, 1, 0, 11, 0, 1, 2, 4 ]
[ 11, 0, 0, -5, 1, 2, 0, 0, 11 ]
[ -11, 0, 0, 3, -5, 1, -5, 1, 2 ]
[ -1, -2, 7, 3, -5, 1, 0, 0, 11 ]
[ -5, 1, 2, -1, -2, 7, 0, 0, 11 ]
[ -5, 1, 2, 3, -5, 1, -1, -2, 7 ]
[ 11, 0, 0, 0, 11, 0, -2, -4, 1 ]
[ 1, 2, -6, 0, 11, 0, 0, 0, 11 ]
[ 2, 4, -1, 0, 11, 0, -1, -2, 6 ]
[ -11, 0, 0, 5, -1, 3, 0, 0, 11 ]
[ -11, 0, 0, -2, -4, 1, 5, -1, 3 ]
[ -5, 1, -3, -1, -2, 6, 0, 0, 11 ]
[ -5, 1, -3, -2, -4, 1, -1, -2, 6 ]
[ 11, 0, 0, 0, 11, 0, 2, 4, 1 ]
[ 1, 2, 6, 0, 11, 0, 0, 0, 11 ]
[ 2, 4, 1, 0, 11, 0, 1, 2, 6 ]
[ 11, 0, 0, 6, 1, 3, 0, 0, 11 ]
[ 11, 0, 0, 2, 4, 1, 6, 1, 3 ]
[ 6, 1, 3, 1, 2, 6, 0, 0, 11 ]
[ 6, 1, 3, 2, 4, 1, 1, 2, 6 ]
[ 11, 0, 0, 0, 11, 0, -3, 5, 1 ]
[ 1, 2, -4, 0, 11, 0, 0, 0, 11 ]
[ -3, 5, 1, -1, -2, 4, 0, 0, 11 ]
[ 3, -5, -1, 0, 11, 0, -1, -2, 4 ]
[ -11, 0, 0, 5, -1, 2, 0, 0, 11 ]
[ 11, 0, 0, -3, 5, 1, 5, -1, 2 ]
[ 1, 2, 7, -3, 5, 1, 0, 0, 11 ]
[ 5, -1, 2, 1, 2, 7, 0, 0, 11 ]
[ 5, -1, 2, -3, 5, 1, 1, 2, 7 ]
[ 11, 0, 0, 0, 11, 0, -4, 3, 1 ]
[ 1, 2, -3, 0, 11, 0, 0, 0, 11 ]
[ -4, 3, 1, -1, -2, 3, 0, 0, 11 ]
[ 4, -3, -1, 0, 11, 0, -1, -2, 3 ]
[ 5, -1, -4, -4, 3, 1, 0, 0, 11 ]
[ 11, 0, 0, -5, 1, 4, 0, 0, 11 ]
[ 11, 0, 0, -4, 3, 1, -5, 1, 4 ]
[ -11, 0, 0, 5, -1, 1, 0, 0, 11 ]
[ 11, 0, 0, 0, 11, 0, 5, -1, 1 ]
[ 1, 2, -2, 0, 11, 0, 0, 0, 11 ]
[ -5, 1, -1, -1, -2, 2, 0, 0, 11 ]
[ 5, -1, 1, 0, 11, 0, -1, -2, 2 ]
[ 1, 2, -1, 0, 11, 0, 0, 0, 11 ]
[ 11, 0, 0, 0, 11, 0, -1, -2, 1 ]
[ -5, 1, -6, -1, -2, 1, 0, 0, 11 ]
[ -11, 0, 0, 5, -1, 6, 0, 0, 11 ]
[ -11, 0, 0, -1, -2, 1, 5, -1, 6 ]
[ 11, 0, 0, 4, 1, 0, 0, 0, 11 ]
[ 1, 3, 0, 0, 11, 0, 0, 0, 11 ]
[ 4, 1, 0, 1, 3, 0, 0, 0, 11 ]
[ 1, 3, 1, 0, 11, 0, 0, 0, 11 ]
[ 11, 0, 0, 0, 11, 0, 1, 3, 1 ]
[ 4, 1, 4, 1, 3, 1, 0, 0, 11 ]
[ 11, 0, 0, 4, 1, 4, 0, 0, 11 ]
[ 11, 0, 0, 1, 3, 1, 4, 1, 4 ]
[ 11, 0, 0, 0, 11, 0, -5, -4, 1 ]
[ 1, 3, 2, 0, 11, 0, 0, 0, 11 ]
[ 5, 4, -1, 1, 3, 2, 0, 0, 11 ]
[ 5, 4, -1, 0, 11, 0, 1, 3, 2 ]
[ -4, -1, 3, -5, -4, 1, 0, 0, 11 ]
[ -11, 0, 0, -4, -1, 3, 0, 0, 11 ]
[ -11, 0, 0, -5, -4, 1, -4, -1, 3 ]
[ 11, 0, 0, 4, 1, 1, 0, 0, 11 ]
[ 11, 0, 0, 0, 11, 0, 4, 1, 1 ]
[ 1, 3, 3, 0, 11, 0, 0, 0, 11 ]
[ 4, 1, 1, 1, 3, 3, 0, 0, 11 ]
[ 4, 1, 1, 0, 11, 0, 1, 3, 3 ]
[ 11, 0, 0, 0, 11, 0, 3, -2, 1 ]
[ 1, 3, 4, 0, 11, 0, 0, 0, 11 ]
[ 3, -2, 1, 1, 3, 4, 0, 0, 11 ]
[ 3, -2, 1, 0, 11, 0, 1, 3, 4 ]
[ -7, 1, -6, 3, -2, 1, 0, 0, 11 ]
[ -11, 0, 0, 7, -1, 6, 0, 0, 11 ]
[ -11, 0, 0, 3, -2, 1, 7, -1, 6 ]
[ 11, 0, 0, 0, 11, 0, -2, 5, 1 ]
[ 1, -8, -6, 0, 11, 0, 0, 0, 11 ]
[ 2, -5, -1, -1, 8, 6, 0, 0, 11 ]
[ 2, -5, -1, 0, 11, 0, -1, 8, 6 ]
[ -11, 0, 0, -4, -1, 2, 0, 0, 11 ]
[ 11, 0, 0, -2, 5, 1, -4, -1, 2 ]
[ 3, -2, -7, -2, 5, 1, 0, 0, 11 ]
[ 4, 1, -2, -3, 2, 7, 0, 0, 11 ]
[ 4, 1, -2, -2, 5, 1, -3, 2, 7 ]
[ 11, 0, 0, 0, 11, 0, 2, -5, 1 ]
[ 1, 3, 6, 0, 11, 0, 0, 0, 11 ]
[ 2, -5, 1, 1, 3, 6, 0, 0, 11 ]
[ 2, -5, 1, 0, 11, 0, 1, 3, 6 ]
[ 11, 0, 0, 4, 1, 2, 0, 0, 11 ]
[ -11, 0, 0, 2, -5, 1, 4, 1, 2 ]
[ -3, 2, -7, 2, -5, 1, 0, 0, 11 ]
[ -4, -1, -2, 3, -2, 7, 0, 0, 11 ]
[ -4, -1, -2, 2, -5, 1, 3, -2, 7 ]
[ 11, 0, 0, 0, 11, 0, -3, 2, 1 ]
[ 1, 3, -4, 0, 11, 0, 0, 0, 11 ]
[ -3, 2, 1, -1, -3, 4, 0, 0, 11 ]
[ 3, -2, -1, 0, 11, 0, -1, -3, 4 ]
[ 4, 1, 6, -3, 2, 1, 0, 0, 11 ]
[ 11, 0, 0, 4, 1, 6, 0, 0, 11 ]
[ 11, 0, 0, -3, 2, 1, 4, 1, 6 ]
[ -11, 0, 0, -4, -1, 1, 0, 0, 11 ]
[ 11, 0, 0, 0, 11, 0, -4, -1, 1 ]
[ 1, 3, -3, 0, 11, 0, 0, 0, 11 ]
[ -4, -1, 1, -1, -3, 3, 0, 0, 11 ]
[ 4, 1, -1, 0, 11, 0, -1, -3, 3 ]
[ 11, 0, 0, 0, 11, 0, 5, 4, 1 ]
[ 1, 3, -2, 0, 11, 0, 0, 0, 11 ]
[ -5, -4, -1, -1, -3, 2, 0, 0, 11 ]
[ 5, 4, 1, 0, 11, 0, -1, -3, 2 ]
[ 4, 1, 3, 5, 4, 1, 0, 0, 11 ]
[ 11, 0, 0, 4, 1, 3, 0, 0, 11 ]
[ 11, 0, 0, 5, 4, 1, 4, 1, 3 ]
[ 1, 3, -1, 0, 11, 0, 0, 0, 11 ]
[ 11, 0, 0, 0, 11, 0, -1, -3, 1 ]
[ -4, -1, 4, -1, -3, 1, 0, 0, 11 ]
[ -11, 0, 0, -4, -1, 4, 0, 0, 11 ]
[ -11, 0, 0, -1, -3, 1, -4, -1, 4 ]
[ 11, 0, 0, 3, 1, 0, 0, 0, 11 ]
[ 1, 4, 0, 0, 11, 0, 0, 0, 11 ]
[ 3, 1, 0, 1, 4, 0, 0, 0, 11 ]
[ 1, 4, 1, 0, 11, 0, 0, 0, 11 ]
[ 11, 0, 0, 0, 11, 0, 1, 4, 1 ]
[ 3, 1, 3, 1, 4, 1, 0, 0, 11 ]
[ 11, 0, 0, 3, 1, 3, 0, 0, 11 ]
[ 11, 0, 0, 1, 4, 1, 3, 1, 3 ]
[ 11, 0, 0, 0, 11, 0, -5, 2, 1 ]
[ 1, 4, 2, 0, 11, 0, 0, 0, 11 ]
[ 5, -2, -1, 0, 11, 0, 1, 4, 2 ]
[ 3, 1, 6, -5, 2, 1, 0, 0, 11 ]
[ 11, 0, 0, 3, 1, 6, 0, 0, 11 ]
[ 11, 0, 0, -5, 2, 1, 3, 1, 6 ]
[ 2, -3, -7, 1, 4, 2, 0, 0, 11 ]
[ 5, -2, -1, -2, 3, 7, 0, 0, 11 ]
[ 5, -2, -1, 1, 4, 2, -2, 3, 7 ]
[ 11, 0, 0, 0, 11, 0, 4, 5, 1 ]
[ 1, 4, 3, 0, 11, 0, 0, 0, 11 ]
[ 4, 5, 1, 1, 4, 3, 0, 0, 11 ]
[ 4, 5, 1, 0, 11, 0, 1, 4, 3 ]
[ 3, 1, -2, 4, 5, 1, 0, 0, 11 ]
[ -11, 0, 0, -3, -1, 2, 0, 0, 11 ]
[ 11, 0, 0, 4, 5, 1, -3, -1, 2 ]
[ 11, 0, 0, 3, 1, 1, 0, 0, 11 ]
[ 11, 0, 0, 0, 11, 0, 3, 1, 1 ]
[ 1, 4, 4, 0, 11, 0, 0, 0, 11 ]
[ 3, 1, 1, 1, 4, 4, 0, 0, 11 ]
[ 3, 1, 1, 0, 11, 0, 1, 4, 4 ]
[ 11, 0, 0, 0, 11, 0, -2, 3, 1 ]
[ 1, -7, -6, 0, 11, 0, 0, 0, 11 ]
[ 2, -3, -1, -1, 7, 6, 0, 0, 11 ]
[ 2, -3, -1, 0, 11, 0, -1, 7, 6 ]
[ 3, 1, 4, -2, 3, 1, 0, 0, 11 ]
[ 11, 0, 0, 3, 1, 4, 0, 0, 11 ]
[ 11, 0, 0, -2, 3, 1, 3, 1, 4 ]
[ 11, 0, 0, 0, 11, 0, 2, -3, 1 ]
[ 1, 4, 6, 0, 11, 0, 0, 0, 11 ]
[ 2, -3, 1, 1, 4, 6, 0, 0, 11 ]
[ 2, -3, 1, 0, 11, 0, 1, 4, 6 ]
[ -3, -1, 4, 2, -3, 1, 0, 0, 11 ]
[ -11, 0, 0, -3, -1, 4, 0, 0, 11 ]
[ -11, 0, 0, 2, -3, 1, -3, -1, 4 ]
[ -11, 0, 0, -3, -1, 1, 0, 0, 11 ]
[ 11, 0, 0, 0, 11, 0, -3, -1, 1 ]
[ 1, 4, -4, 0, 11, 0, 0, 0, 11 ]
[ -3, -1, 1, -1, -4, 4, 0, 0, 11 ]
[ 3, 1, -1, 0, 11, 0, -1, -4, 4 ]
[ 11, 0, 0, 0, 11, 0, -4, -5, 1 ]
[ 1, 4, -3, 0, 11, 0, 0, 0, 11 ]
[ -4, -5, 1, -1, -4, 3, 0, 0, 11 ]
[ 4, 5, -1, 0, 11, 0, -1, -4, 3 ]
[ -3, -1, -2, -4, -5, 1, 0, 0, 11 ]
[ 11, 0, 0, 3, 1, 2, 0, 0, 11 ]
[ -11, 0, 0, -4, -5, 1, 3, 1, 2 ]
[ 11, 0, 0, 0, 11, 0, 5, -2, 1 ]
[ 1, 4, -2, 0, 11, 0, 0, 0, 11 ]
[ 5, -2, 1, 0, 11, 0, -1, -4, 2 ]
[ -8, 1, -6, 5, -2, 1, 0, 0, 11 ]
[ -11, 0, 0, 8, -1, 6, 0, 0, 11 ]
[ -11, 0, 0, 5, -2, 1, 8, -1, 6 ]
[ -2, 3, -7, -1, -4, 2, 0, 0, 11 ]
[ -5, 2, -1, 2, -3, 7, 0, 0, 11 ]
[ -5, 2, -1, -1, -4, 2, 2, -3, 7 ]
[ 1, 4, -1, 0, 11, 0, 0, 0, 11 ]
[ 11, 0, 0, 0, 11, 0, -1, -4, 1 ]
[ -3, -1, 3, -1, -4, 1, 0, 0, 11 ]
[ -11, 0, 0, -3, -1, 3, 0, 0, 11 ]
[ -11, 0, 0, -1, -4, 1, -3, -1, 3 ]
[ 11, 0, 0, -2, 1, 0, 0, 0, 11 ]
[ 1, -6, 0, 0, 11, 0, 0, 0, 11 ]
[ 2, -1, 0, -1, 6, 0, 0, 0, 11 ]
[ 1, 5, 1, 0, 11, 0, 0, 0, 11 ]
[ 11, 0, 0, 0, 11, 0, 1, 5, 1 ]
[ 2, -1, 2, 1, 5, 1, 0, 0, 11 ]
[ -11, 0, 0, 2, -1, 2, 0, 0, 11 ]
[ 11, 0, 0, 1, 5, 1, 2, -1, 2 ]
[ 11, 0, 0, 0, 11, 0, -5, -3, 1 ]
[ 1, 5, 2, 0, 11, 0, 0, 0, 11 ]
[ 5, 3, -1, 0, 11, 0, 1, 5, 2 ]
[ -2, 1, -4, -5, -3, 1, 0, 0, 11 ]
[ -11, 0, 0, 2, -1, 4, 0, 0, 11 ]
[ -11, 0, 0, -5, -3, 1, 2, -1, 4 ]
[ 2, -1, -7, 1, 5, 2, 0, 0, 11 ]
[ 5, 3, -1, -2, 1, 7, 0, 0, 11 ]
[ 5, 3, -1, 1, 5, 2, -2, 1, 7 ]
[ 11, 0, 0, 0, 11, 0, 4, -2, 1 ]
[ 1, 5, 3, 0, 11, 0, 0, 0, 11 ]
[ 4, -2, 1, 0, 11, 0, 1, 5, 3 ]
[ -11, 0, 0, 2, -1, 6, 0, 0, 11 ]
[ -11, 0, 0, 4, -2, 1, 2, -1, 6 ]
[ 2, -1, 6, 1, 5, 3, 0, 0, 11 ]
[ 4, -2, 1, 1, 5, 3, 2, -1, 6 ]
[ 11, 0, 0, 0, 11, 0, 3, 4, 1 ]
[ 1, 5, 4, 0, 11, 0, 0, 0, 11 ]
[ 3, 4, 1, 1, 5, 4, 0, 0, 11 ]
[ 3, 4, 1, 0, 11, 0, 1, 5, 4 ]
[ 2, -1, -3, 3, 4, 1, 0, 0, 11 ]
[ 11, 0, 0, -2, 1, 3, 0, 0, 11 ]
[ 11, 0, 0, 3, 4, 1, -2, 1, 3 ]
[ 11, 0, 0, -2, 1, 1, 0, 0, 11 ]
[ 11, 0, 0, 0, 11, 0, -2, 1, 1 ]
[ 1, -6, -6, 0, 11, 0, 0, 0, 11 ]
[ 2, -1, -1, -1, 6, 6, 0, 0, 11 ]
[ 2, -1, -1, 0, 11, 0, -1, 6, 6 ]
[ -11, 0, 0, 2, -1, 1, 0, 0, 11 ]
[ 11, 0, 0, 0, 11, 0, 2, -1, 1 ]
[ 1, 5, 6, 0, 11, 0, 0, 0, 11 ]
[ 2, -1, 1, 1, 5, 6, 0, 0, 11 ]
[ 2, -1, 1, 0, 11, 0, 1, 5, 6 ]
[ 11, 0, 0, 0, 11, 0, -3, -4, 1 ]
[ 1, 5, -4, 0, 11, 0, 0, 0, 11 ]
[ -3, -4, 1, -1, -5, 4, 0, 0, 11 ]
[ 3, 4, -1, 0, 11, 0, -1, -5, 4 ]
[ -2, 1, -3, -3, -4, 1, 0, 0, 11 ]
[ -11, 0, 0, 2, -1, 3, 0, 0, 11 ]
[ -11, 0, 0, -3, -4, 1, 2, -1, 3 ]
[ 11, 0, 0, 0, 11, 0, -4, 2, 1 ]
[ 1, -6, -3, 0, 11, 0, 0, 0, 11 ]
[ 4, -2, -1, 0, 11, 0, -1, 6, 3 ]
[ 11, 0, 0, -2, 1, 6, 0, 0, 11 ]
[ 11, 0, 0, -4, 2, 1, -2, 1, 6 ]
[ 2, -1, -6, -1, 6, 3, 0, 0, 11 ]
[ 4, -2, -1, -1, 6, 3, -2, 1, 6 ]
[ 11, 0, 0, 0, 11, 0, 5, 3, 1 ]
[ 1, 5, -2, 0, 11, 0, 0, 0, 11 ]
[ 5, 3, 1, 0, 11, 0, -1, -5, 2 ]
[ 2, -1, -4, 5, 3, 1, 0, 0, 11 ]
[ 11, 0, 0, -2, 1, 4, 0, 0, 11 ]
[ 11, 0, 0, 5, 3, 1, -2, 1, 4 ]
[ -2, 1, -7, -1, -5, 2, 0, 0, 11 ]
[ -5, -3, -1, 2, -1, 7, 0, 0, 11 ]
[ -5, -3, -1, -1, -5, 2, 2, -1, 7 ]
[ 1, 5, -1, 0, 11, 0, 0, 0, 11 ]
[ 11, 0, 0, 0, 11, 0, -1, -5, 1 ]
[ -2, 1, 2, -1, -5, 1, 0, 0, 11 ]
[ 11, 0, 0, -2, 1, 2, 0, 0, 11 ]
[ -11, 0, 0, -1, -5, 1, -2, 1, 2 ]
[ 11, 0, 0, 2, 1, 0, 0, 0, 11 ]
[ 1, 6, 0, 0, 11, 0, 0, 0, 11 ]
[ 2, 1, 0, 1, 6, 0, 0, 0, 11 ]
[ 1, -5, 1, 0, 11, 0, 0, 0, 11 ]
[ 11, 0, 0, 0, 11, 0, 1, -5, 1 ]
[ -2, -1, -2, 1, -5, 1, 0, 0, 11 ]
[ 11, 0, 0, 2, 1, 2, 0, 0, 11 ]
[ -11, 0, 0, 1, -5, 1, 2, 1, 2 ]
[ 11, 0, 0, 0, 11, 0, -5, 3, 1 ]
[ 1, -5, 2, 0, 11, 0, 0, 0, 11 ]
[ 5, -3, -1, 0, 11, 0, 1, -5, 2 ]
[ 2, 1, 4, -5, 3, 1, 0, 0, 11 ]
[ 11, 0, 0, 2, 1, 4, 0, 0, 11 ]
[ 11, 0, 0, -5, 3, 1, 2, 1, 4 ]
[ -2, -1, 7, 1, -5, 2, 0, 0, 11 ]
[ -5, 3, 1, -2, -1, 7, 0, 0, 11 ]
[ -5, 3, 1, 1, -5, 2, -2, -1, 7 ]
[ 11, 0, 0, 0, 11, 0, 4, 2, 1 ]
[ 1, 6, 3, 0, 11, 0, 0, 0, 11 ]
[ 4, 2, 1, 0, 11, 0, 1, 6, 3 ]
[ 11, 0, 0, 2, 1, 6, 0, 0, 11 ]
[ 11, 0, 0, 4, 2, 1, 2, 1, 6 ]
[ 2, 1, 6, 1, 6, 3, 0, 0, 11 ]
[ 4, 2, 1, 1, 6, 3, 2, 1, 6 ]
[ 11, 0, 0, 0, 11, 0, 3, -4, 1 ]
[ 1, -5, 4, 0, 11, 0, 0, 0, 11 ]
[ -3, 4, -1, 1, -5, 4, 0, 0, 11 ]
[ 3, -4, 1, 0, 11, 0, 1, -5, 4 ]
[ -2, -1, 3, 3, -4, 1, 0, 0, 11 ]
[ -11, 0, 0, -2, -1, 3, 0, 0, 11 ]
[ -11, 0, 0, 3, -4, 1, -2, -1, 3 ]
[ -11, 0, 0, -2, -1, 1, 0, 0, 11 ]
[ 11, 0, 0, 0, 11, 0, -2, -1, 1 ]
[ 1, -5, -6, 0, 11, 0, 0, 0, 11 ]
[ 2, 1, -1, -1, 5, 6, 0, 0, 11 ]
[ 2, 1, -1, 0, 11, 0, -1, 5, 6 ]
[ 11, 0, 0, 2, 1, 1, 0, 0, 11 ]
[ 11, 0, 0, 0, 11, 0, 2, 1, 1 ]
[ 1, 6, 6, 0, 11, 0, 0, 0, 11 ]
[ 2, 1, 1, 1, 6, 6, 0, 0, 11 ]
[ 2, 1, 1, 0, 11, 0, 1, 6, 6 ]
[ 11, 0, 0, 0, 11, 0, -3, 4, 1 ]
[ 1, -5, -4, 0, 11, 0, 0, 0, 11 ]
[ 3, -4, -1, -1, 5, 4, 0, 0, 11 ]
[ 3, -4, -1, 0, 11, 0, -1, 5, 4 ]
[ 2, 1, 3, -3, 4, 1, 0, 0, 11 ]
[ 11, 0, 0, 2, 1, 3, 0, 0, 11 ]
[ 11, 0, 0, -3, 4, 1, 2, 1, 3 ]
[ 11, 0, 0, 0, 11, 0, -4, -2, 1 ]
[ 1, -5, -3, 0, 11, 0, 0, 0, 11 ]
[ 4, 2, -1, 0, 11, 0, -1, 5, 3 ]
[ -11, 0, 0, -2, -1, 6, 0, 0, 11 ]
[ -11, 0, 0, -4, -2, 1, -2, -1, 6 ]
[ 2, 1, -6, -1, 5, 3, 0, 0, 11 ]
[ 4, 2, -1, -1, 5, 3, -2, -1, 6 ]
[ 11, 0, 0, 0, 11, 0, 5, -3, 1 ]
[ 1, -5, -2, 0, 11, 0, 0, 0, 11 ]
[ 5, -3, 1, 0, 11, 0, -1, 5, 2 ]
[ -2, -1, 4, 5, -3, 1, 0, 0, 11 ]
[ -11, 0, 0, -2, -1, 4, 0, 0, 11 ]
[ -11, 0, 0, 5, -3, 1, -2, -1, 4 ]
[ 2, 1, 7, -1, 5, 2, 0, 0, 11 ]
[ 5, -3, 1, 2, 1, 7, 0, 0, 11 ]
[ 5, -3, 1, -1, 5, 2, 2, 1, 7 ]
[ 1, -5, -1, 0, 11, 0, 0, 0, 11 ]
[ 11, 0, 0, 0, 11, 0, -1, 5, 1 ]
[ 2, 1, -2, -1, 5, 1, 0, 0, 11 ]
[ -11, 0, 0, -2, -1, 2, 0, 0, 11 ]
[ 11, 0, 0, -1, 5, 1, -2, -1, 2 ]
[ 11, 0, 0, -3, 1, 0, 0, 0, 11 ]
[ 1, -4, 0, 0, 11, 0, 0, 0, 11 ]
[ 3, -1, 0, -1, 4, 0, 0, 0, 11 ]
[ 1, -4, 1, 0, 11, 0, 0, 0, 11 ]
[ 11, 0, 0, 0, 11, 0, 1, -4, 1 ]
[ -3, 1, -3, 1, -4, 1, 0, 0, 11 ]
[ -11, 0, 0, 3, -1, 3, 0, 0, 11 ]
[ -11, 0, 0, 1, -4, 1, 3, -1, 3 ]
[ 11, 0, 0, 0, 11, 0, -5, -2, 1 ]
[ 1, -4, 2, 0, 11, 0, 0, 0, 11 ]
[ 5, 2, -1, 0, 11, 0, 1, -4, 2 ]
[ -3, 1, -6, -5, -2, 1, 0, 0, 11 ]
[ -11, 0, 0, 3, -1, 6, 0, 0, 11 ]
[ -11, 0, 0, -5, -2, 1, 3, -1, 6 ]
[ -2, -3, 7, 1, -4, 2, 0, 0, 11 ]
[ -5, -2, 1, -2, -3, 7, 0, 0, 11 ]
[ -5, -2, 1, 1, -4, 2, -2, -3, 7 ]
[ 11, 0, 0, 0, 11, 0, 4, -5, 1 ]
[ 1, -4, 3, 0, 11, 0, 0, 0, 11 ]
[ -4, 5, -1, 1, -4, 3, 0, 0, 11 ]
[ 4, -5, 1, 0, 11, 0, 1, -4, 3 ]
[ -3, 1, 2, 4, -5, 1, 0, 0, 11 ]
[ 11, 0, 0, -3, 1, 2, 0, 0, 11 ]
[ -11, 0, 0, 4, -5, 1, -3, 1, 2 ]
[ -11, 0, 0, 3, -1, 1, 0, 0, 11 ]
[ 11, 0, 0, 0, 11, 0, 3, -1, 1 ]
[ 1, -4, 4, 0, 11, 0, 0, 0, 11 ]
[ -3, 1, -1, 1, -4, 4, 0, 0, 11 ]
[ 3, -1, 1, 0, 11, 0, 1, -4, 4 ]
[ 11, 0, 0, 0, 11, 0, -2, -3, 1 ]
[ 1, -4, -6, 0, 11, 0, 0, 0, 11 ]
[ 2, 3, -1, -1, 4, 6, 0, 0, 11 ]
[ 2, 3, -1, 0, 11, 0, -1, 4, 6 ]
[ -3, 1, -4, -2, -3, 1, 0, 0, 11 ]
[ -11, 0, 0, 3, -1, 4, 0, 0, 11 ]
[ -11, 0, 0, -2, -3, 1, 3, -1, 4 ]
[ 11, 0, 0, 0, 11, 0, 2, 3, 1 ]
[ 1, 7, 6, 0, 11, 0, 0, 0, 11 ]
[ 2, 3, 1, 1, 7, 6, 0, 0, 11 ]
[ 2, 3, 1, 0, 11, 0, 1, 7, 6 ]
[ 3, -1, -4, 2, 3, 1, 0, 0, 11 ]
[ 11, 0, 0, -3, 1, 4, 0, 0, 11 ]
[ 11, 0, 0, 2, 3, 1, -3, 1, 4 ]
[ 11, 0, 0, -3, 1, 1, 0, 0, 11 ]
[ 11, 0, 0, 0, 11, 0, -3, 1, 1 ]
[ 1, -4, -4, 0, 11, 0, 0, 0, 11 ]
[ 3, -1, -1, -1, 4, 4, 0, 0, 11 ]
[ 3, -1, -1, 0, 11, 0, -1, 4, 4 ]
[ 11, 0, 0, 0, 11, 0, -4, 5, 1 ]
[ 1, -4, -3, 0, 11, 0, 0, 0, 11 ]
[ 4, -5, -1, -1, 4, 3, 0, 0, 11 ]
[ 4, -5, -1, 0, 11, 0, -1, 4, 3 ]
[ 3, -1, 2, -4, 5, 1, 0, 0, 11 ]
[ -11, 0, 0, 3, -1, 2, 0, 0, 11 ]
[ 11, 0, 0, -4, 5, 1, 3, -1, 2 ]
[ 11, 0, 0, 0, 11, 0, 5, 2, 1 ]
[ 1, -4, -2, 0, 11, 0, 0, 0, 11 ]
[ 5, 2, 1, 0, 11, 0, -1, 4, 2 ]
[ 8, 1, 6, 5, 2, 1, 0, 0, 11 ]
[ 11, 0, 0, 8, 1, 6, 0, 0, 11 ]
[ 11, 0, 0, 5, 2, 1, 8, 1, 6 ]
[ 2, 3, 7, -1, 4, 2, 0, 0, 11 ]
[ 5, 2, 1, 2, 3, 7, 0, 0, 11 ]
[ 5, 2, 1, -1, 4, 2, 2, 3, 7 ]
[ 1, -4, -1, 0, 11, 0, 0, 0, 11 ]
[ 11, 0, 0, 0, 11, 0, -1, 4, 1 ]
[ 3, -1, -3, -1, 4, 1, 0, 0, 11 ]
[ 11, 0, 0, -3, 1, 3, 0, 0, 11 ]
[ 11, 0, 0, -1, 4, 1, -3, 1, 3 ]
[ 11, 0, 0, -4, 1, 0, 0, 0, 11 ]
[ 1, -3, 0, 0, 11, 0, 0, 0, 11 ]
[ 4, -1, 0, -1, 3, 0, 0, 0, 11 ]
[ 1, -3, 1, 0, 11, 0, 0, 0, 11 ]
[ 11, 0, 0, 0, 11, 0, 1, -3, 1 ]
[ -4, 1, -4, 1, -3, 1, 0, 0, 11 ]
[ -11, 0, 0, 4, -1, 4, 0, 0, 11 ]
[ -11, 0, 0, 1, -3, 1, 4, -1, 4 ]
[ 11, 0, 0, 0, 11, 0, -5, 4, 1 ]
[ 1, -3, 2, 0, 11, 0, 0, 0, 11 ]
[ -5, 4, 1, 1, -3, 2, 0, 0, 11 ]
[ 5, -4, -1, 0, 11, 0, 1, -3, 2 ]
[ 4, -1, -3, -5, 4, 1, 0, 0, 11 ]
[ 11, 0, 0, -4, 1, 3, 0, 0, 11 ]
[ 11, 0, 0, -5, 4, 1, -4, 1, 3 ]
[ -11, 0, 0, 4, -1, 1, 0, 0, 11 ]
[ 11, 0, 0, 0, 11, 0, 4, -1, 1 ]
[ 1, -3, 3, 0, 11, 0, 0, 0, 11 ]
[ -4, 1, -1, 1, -3, 3, 0, 0, 11 ]
[ 4, -1, 1, 0, 11, 0, 1, -3, 3 ]
[ 11, 0, 0, 0, 11, 0, 3, 2, 1 ]
[ 1, -3, 4, 0, 11, 0, 0, 0, 11 ]
[ -3, -2, -1, 1, -3, 4, 0, 0, 11 ]
[ 3, 2, 1, 0, 11, 0, 1, -3, 4 ]
[ 7, 1, 6, 3, 2, 1, 0, 0, 11 ]
[ 11, 0, 0, 7, 1, 6, 0, 0, 11 ]
[ 11, 0, 0, 3, 2, 1, 7, 1, 6 ]
[ 11, 0, 0, 0, 11, 0, -2, -5, 1 ]
[ 1, -3, -6, 0, 11, 0, 0, 0, 11 ]
[ 2, 5, -1, -1, 3, 6, 0, 0, 11 ]
[ 2, 5, -1, 0, 11, 0, -1, 3, 6 ]
[ 11, 0, 0, -4, 1, 2, 0, 0, 11 ]
[ -11, 0, 0, -2, -5, 1, -4, 1, 2 ]
[ -3, -2, 7, -2, -5, 1, 0, 0, 11 ]
[ -4, 1, 2, -3, -2, 7, 0, 0, 11 ]
[ -4, 1, 2, -2, -5, 1, -3, -2, 7 ]
[ 11, 0, 0, 0, 11, 0, 2, 5, 1 ]
[ 1, 8, 6, 0, 11, 0, 0, 0, 11 ]
[ 2, 5, 1, 1, 8, 6, 0, 0, 11 ]
[ 2, 5, 1, 0, 11, 0, 1, 8, 6 ]
[ -11, 0, 0, 4, -1, 2, 0, 0, 11 ]
[ 11, 0, 0, 2, 5, 1, 4, -1, 2 ]
[ 3, 2, 7, 2, 5, 1, 0, 0, 11 ]
[ 4, -1, 2, 3, 2, 7, 0, 0, 11 ]
[ 4, -1, 2, 2, 5, 1, 3, 2, 7 ]
[ 11, 0, 0, 0, 11, 0, -3, -2, 1 ]
[ 1, -3, -4, 0, 11, 0, 0, 0, 11 ]
[ 3, 2, -1, -1, 3, 4, 0, 0, 11 ]
[ 3, 2, -1, 0, 11, 0, -1, 3, 4 ]
[ -4, 1, -6, -3, -2, 1, 0, 0, 11 ]
[ -11, 0, 0, 4, -1, 6, 0, 0, 11 ]
[ -11, 0, 0, -3, -2, 1, 4, -1, 6 ]
[ 11, 0, 0, -4, 1, 1, 0, 0, 11 ]
[ 11, 0, 0, 0, 11, 0, -4, 1, 1 ]
[ 1, -3, -3, 0, 11, 0, 0, 0, 11 ]
[ 4, -1, -1, -1, 3, 3, 0, 0, 11 ]
[ 4, -1, -1, 0, 11, 0, -1, 3, 3 ]
[ 11, 0, 0, 0, 11, 0, 5, -4, 1 ]
[ 1, -3, -2, 0, 11, 0, 0, 0, 11 ]
[ 5, -4, 1, -1, 3, 2, 0, 0, 11 ]
[ 5, -4, 1, 0, 11, 0, -1, 3, 2 ]
[ -4, 1, -3, 5, -4, 1, 0, 0, 11 ]
[ -11, 0, 0, 4, -1, 3, 0, 0, 11 ]
[ -11, 0, 0, 5, -4, 1, 4, -1, 3 ]
[ 1, -3, -1, 0, 11, 0, 0, 0, 11 ]
[ 11, 0, 0, 0, 11, 0, -1, 3, 1 ]
[ 4, -1, -4, -1, 3, 1, 0, 0, 11 ]
[ 11, 0, 0, -4, 1, 4, 0, 0, 11 ]
[ 11, 0, 0, -1, 3, 1, -4, 1, 4 ]
[ 11, 0, 0, 5, 1, 0, 0, 0, 11 ]
[ 1, -2, 0, 0, 11, 0, 0, 0, 11 ]
[ 5, 1, 0, -1, 2, 0, 0, 0, 11 ]
[ 1, -2, 1, 0, 11, 0, 0, 0, 11 ]
[ 11, 0, 0, 0, 11, 0, 1, -2, 1 ]
[ -6, 1, -6, 1, -2, 1, 0, 0, 11 ]
[ -11, 0, 0, 6, -1, 6, 0, 0, 11 ]
[ -11, 0, 0, 1, -2, 1, 6, -1, 6 ]
[ -11, 0, 0, -5, -1, 1, 0, 0, 11 ]
[ 11, 0, 0, 0, 11, 0, -5, -1, 1 ]
[ 1, -2, 2, 0, 11, 0, 0, 0, 11 ]
[ -5, -1, 1, 1, -2, 2, 0, 0, 11 ]
[ 5, 1, -1, 0, 11, 0, 1, -2, 2 ]
[ 11, 0, 0, 0, 11, 0, 4, 3, 1 ]
[ 1, -2, 3, 0, 11, 0, 0, 0, 11 ]
[ -4, -3, -1, 1, -2, 3, 0, 0, 11 ]
[ 4, 3, 1, 0, 11, 0, 1, -2, 3 ]
[ 5, 1, 4, 4, 3, 1, 0, 0, 11 ]
[ 11, 0, 0, 5, 1, 4, 0, 0, 11 ]
[ 11, 0, 0, 4, 3, 1, 5, 1, 4 ]
[ 11, 0, 0, 0, 11, 0, 3, 5, 1 ]
[ 1, -2, 4, 0, 11, 0, 0, 0, 11 ]
[ -3, -5, -1, 1, -2, 4, 0, 0, 11 ]
[ 3, 5, 1, 0, 11, 0, 1, -2, 4 ]
[ -11, 0, 0, -5, -1, 2, 0, 0, 11 ]
[ 11, 0, 0, 3, 5, 1, -5, -1, 2 ]
[ 1, -2, -7, 3, 5, 1, 0, 0, 11 ]
[ 5, 1, -2, -1, 2, 7, 0, 0, 11 ]
[ 5, 1, -2, 3, 5, 1, -1, 2, 7 ]
[ 11, 0, 0, 0, 11, 0, -2, 4, 1 ]
[ 1, -2, -6, 0, 11, 0, 0, 0, 11 ]
[ 2, -4, -1, 0, 11, 0, -1, 2, 6 ]
[ 11, 0, 0, 5, 1, 3, 0, 0, 11 ]
[ 11, 0, 0, -2, 4, 1, 5, 1, 3 ]
[ 5, 1, 3, -1, 2, 6, 0, 0, 11 ]
[ 5, 1, 3, -2, 4, 1, -1, 2, 6 ]
[ 11, 0, 0, 0, 11, 0, 2, -4, 1 ]
[ 1, -2, 6, 0, 11, 0, 0, 0, 11 ]
[ 2, -4, 1, 0, 11, 0, 1, -2, 6 ]
[ -11, 0, 0, 6, -1, 3, 0, 0, 11 ]
[ -11, 0, 0, 2, -4, 1, 6, -1, 3 ]
[ -6, 1, -3, 1, -2, 6, 0, 0, 11 ]
[ -6, 1, -3, 2, -4, 1, 1, -2, 6 ]
[ 11, 0, 0, 0, 11, 0, -3, -5, 1 ]
[ 1, -2, -4, 0, 11, 0, 0, 0, 11 ]
[ 3, 5, -1, -1, 2, 4, 0, 0, 11 ]
[ 3, 5, -1, 0, 11, 0, -1, 2, 4 ]
[ 11, 0, 0, 5, 1, 2, 0, 0, 11 ]
[ -11, 0, 0, -3, -5, 1, 5, 1, 2 ]
[ -1, 2, -7, -3, -5, 1, 0, 0, 11 ]
[ -5, -1, -2, 1, -2, 7, 0, 0, 11 ]
[ -5, -1, -2, -3, -5, 1, 1, -2, 7 ]
[ 11, 0, 0, 0, 11, 0, -4, -3, 1 ]
[ 1, -2, -3, 0, 11, 0, 0, 0, 11 ]
[ 4, 3, -1, -1, 2, 3, 0, 0, 11 ]
[ 4, 3, -1, 0, 11, 0, -1, 2, 3 ]
[ -5, -1, 4, -4, -3, 1, 0, 0, 11 ]
[ -11, 0, 0, -5, -1, 4, 0, 0, 11 ]
[ -11, 0, 0, -4, -3, 1, -5, -1, 4 ]
[ 11, 0, 0, 5, 1, 1, 0, 0, 11 ]
[ 11, 0, 0, 0, 11, 0, 5, 1, 1 ]
[ 1, -2, -2, 0, 11, 0, 0, 0, 11 ]
[ 5, 1, 1, -1, 2, 2, 0, 0, 11 ]
[ 5, 1, 1, 0, 11, 0, -1, 2, 2 ]
[ 1, -2, -1, 0, 11, 0, 0, 0, 11 ]
[ 11, 0, 0, 0, 11, 0, -1, 2, 1 ]
[ 5, 1, 6, -1, 2, 1, 0, 0, 11 ]
[ 11, 0, 0, 5, 1, 6, 0, 0, 11 ]
[ 11, 0, 0, -1, 2, 1, 5, 1, 6 ]
[ 1, -1, 0, 0, 11, 0, 0, 0, 11 ]
[ 11, 0, 0, -1, 1, 0, 0, 0, 11 ]
[ 1, -1, 1, 0, 11, 0, 0, 0, 11 ]
[ -11, 0, 0, 1, -1, 1, 0, 0, 11 ]
[ 11, 0, 0, 0, 11, 0, 1, -1, 1 ]
[ 11, 0, 0, 0, 11, 0, -5, 5, 1 ]
[ 1, -1, 2, 0, 11, 0, 0, 0, 11 ]
[ 5, -5, -1, 0, 11, 0, 1, -1, 2 ]
[ -11, 0, 0, 1, -1, 2, 0, 0, 11 ]
[ 11, 0, 0, -5, 5, 1, 1, -1, 2 ]
[ 11, 0, 0, 0, 11, 0, 4, -4, 1 ]
[ 1, -1, 3, 0, 11, 0, 0, 0, 11 ]
[ 4, -4, 1, 0, 11, 0, 1, -1, 3 ]
[ -11, 0, 0, 1, -1, 3, 0, 0, 11 ]
[ -11, 0, 0, 4, -4, 1, 1, -1, 3 ]
[ 11, 0, 0, 0, 11, 0, 3, -3, 1 ]
[ 1, -1, 4, 0, 11, 0, 0, 0, 11 ]
[ 3, -3, 1, 0, 11, 0, 1, -1, 4 ]
[ -11, 0, 0, 1, -1, 4, 0, 0, 11 ]
[ -11, 0, 0, 3, -3, 1, 1, -1, 4 ]
[ 11, 0, 0, 0, 11, 0, -2, 2, 1 ]
[ 1, -1, -6, 0, 11, 0, 0, 0, 11 ]
[ 2, -2, -1, 0, 11, 0, -1, 1, 6 ]
[ 11, 0, 0, -1, 1, 6, 0, 0, 11 ]
[ 11, 0, 0, -2, 2, 1, -1, 1, 6 ]
[ 11, 0, 0, 0, 11, 0, 2, -2, 1 ]
[ 1, -1, 6, 0, 11, 0, 0, 0, 11 ]
[ 2, -2, 1, 0, 11, 0, 1, -1, 6 ]
[ -11, 0, 0, 1, -1, 6, 0, 0, 11 ]
[ -11, 0, 0, 2, -2, 1, 1, -1, 6 ]
[ 11, 0, 0, 0, 11, 0, -3, 3, 1 ]
[ 1, -1, -4, 0, 11, 0, 0, 0, 11 ]
[ 3, -3, -1, 0, 11, 0, -1, 1, 4 ]
[ 11, 0, 0, -1, 1, 4, 0, 0, 11 ]
[ 11, 0, 0, -3, 3, 1, -1, 1, 4 ]
[ 11, 0, 0, 0, 11, 0, -4, 4, 1 ]
[ 1, -1, -3, 0, 11, 0, 0, 0, 11 ]
[ 4, -4, -1, 0, 11, 0, -1, 1, 3 ]
[ 11, 0, 0, -1, 1, 3, 0, 0, 11 ]
[ 11, 0, 0, -4, 4, 1, -1, 1, 3 ]
[ 11, 0, 0, 0, 11, 0, 5, -5, 1 ]
[ 1, -1, -2, 0, 11, 0, 0, 0, 11 ]
[ 5, -5, 1, 0, 11, 0, -1, 1, 2 ]
[ 11, 0, 0, -1, 1, 2, 0, 0, 11 ]
[ -11, 0, 0, 5, -5, 1, -1, 1, 2 ]
[ 1, -1, -1, 0, 11, 0, 0, 0, 11 ]
[ 11, 0, 0, -1, 1, 1, 0, 0, 11 ]
[ 11, 0, 0, 0, 11, 0, -1, 1, 1 ]
[ 11, 0, 0, 0, 1, 0, 0, 0, 11 ]
[ 11, 0, 0, 0, 1, 1, 0, 0, 11 ]
[ 11, 0, 0, 0, 11, 0, 0, 1, 1 ]
[ 11, 0, 0, 0, 11, 0, 0, -5, 1 ]
[ 11, 0, 0, 0, 1, 2, 0, 0, 11 ]
[ -11, 0, 0, 0, -5, 1, 0, 1, 2 ]
[ 11, 0, 0, 0, 11, 0, 0, 4, 1 ]
[ 11, 0, 0, 0, 1, 3, 0, 0, 11 ]
[ 11, 0, 0, 0, 4, 1, 0, 1, 3 ]
[ 11, 0, 0, 0, 11, 0, 0, 3, 1 ]
[ 11, 0, 0, 0, 1, 4, 0, 0, 11 ]
[ 11, 0, 0, 0, 3, 1, 0, 1, 4 ]
[ 11, 0, 0, 0, 11, 0, 0, -2, 1 ]
[ -11, 0, 0, 0, -1, 6, 0, 0, 11 ]
[ -11, 0, 0, 0, -2, 1, 0, -1, 6 ]
[ 11, 0, 0, 0, 11, 0, 0, 2, 1 ]
[ 11, 0, 0, 0, 1, 6, 0, 0, 11 ]
[ 11, 0, 0, 0, 2, 1, 0, 1, 6 ]
[ 11, 0, 0, 0, 11, 0, 0, -3, 1 ]
[ -11, 0, 0, 0, -1, 4, 0, 0, 11 ]
[ -11, 0, 0, 0, -3, 1, 0, -1, 4 ]
[ 11, 0, 0, 0, 11, 0, 0, -4, 1 ]
[ -11, 0, 0, 0, -1, 3, 0, 0, 11 ]
[ -11, 0, 0, 0, -4, 1, 0, -1, 3 ]
[ 11, 0, 0, 0, 11, 0, 0, 5, 1 ]
[ -11, 0, 0, 0, -1, 2, 0, 0, 11 ]
[ 11, 0, 0, 0, 5, 1, 0, -1, 2 ]
[ -11, 0, 0, 0, -1, 1, 0, 0, 11 ]
[ 11, 0, 0, 0, 11, 0, 0, -1, 1 ]
[ 11, 0, 0, 0, 11, 0, 0, 0, 1 ]
